Dex No.,Name,Generation,Primary Type,Secondary Type,Health,Attack,Defense,Sp. Attack,Sp. Defense,Speed,BST,Primary_Type_Cat,Tier,Physical_Sweeper,Special_Sweeper,Wall,Physical_Tank,Special_Tank
#001,Bulbasaur,Generation I,Grass, Poison,45,49,49,65,65,45,318,9,NU,94,110,159,98,130
#002,Ivysaur,Generation I,Grass, Poison,60,62,63,80,80,60,405,9,RU,122,140,203,125,160
#003,Venusaur,Generation I,Grass, Poison,80,82,83,100,100,80,525,9,UU,162,180,263,165,200
#004,Charmander,Generation I,Fire, Unknown,39,52,43,60,50,65,309,6,NU,117,125,132,95,110
#005,Charmeleon,Generation I,Fire, Unknown,58,64,58,80,65,80,405,6,RU,144,160,181,122,145
#006,Charizard,Generation I,Fire, Flying,78,84,78,109,85,100,534,6,UU,184,209,241,162,194
#007,Squirtle,Generation I,Water, Unknown,44,48,65,50,64,43,314,17,NU,91,93,173,113,114
#008,Wartortle,Generation I,Water, Unknown,59,63,80,65,80,58,405,17,RU,121,123,219,143,145
#009,Blastoise,Generation I,Water, Unknown,79,83,100,85,105,78,530,17,UU,161,163,284,183,190
#010,Caterpie,Generation I,Bug, Unknown,45,30,35,20,20,45,195,0,LC,75,65,100,65,40
#011,Metapod,Generation I,Bug, Unknown,50,20,55,25,25,30,205,0,LC,50,55,130,75,50
#012,Butterfree,Generation I,Bug, Flying,60,45,50,80,80,70,385,0,NU,115,150,190,95,160
#013,Weedle,Generation I,Bug, Poison,40,35,30,20,20,50,195,0,LC,85,70,90,65,40
#014,Kakuna,Generation I,Bug, Poison,45,25,50,25,25,35,205,0,LC,60,60,120,75,50
#015,Beedrill,Generation I,Bug, Poison,65,80,40,45,80,75,385,0,NU,155,120,185,120,125
#016,Pidgey,Generation I,Normal, Flying,40,45,40,35,35,56,251,12,LC,101,91,115,85,70
#017,Pidgeotto,Generation I,Normal, Flying,63,60,55,50,50,71,349,12,NU,131,121,168,115,100
#018,Pidgeot,Generation I,Normal, Flying,83,80,75,70,70,91,469,12,RU,171,161,228,155,140
#019,Rattata,Generation I,Normal, Unknown,30,56,35,25,35,72,253,12,LC,128,97,100,91,60
#020,Raticate,Generation I,Normal, Unknown,55,81,60,50,70,97,413,12,RU,178,147,185,141,120
#021,Spearow,Generation I,Normal, Flying,40,60,30,31,31,70,262,12,LC,130,101,101,90,62
#022,Fearow,Generation I,Normal, Flying,65,90,65,61,61,100,442,12,RU,190,161,191,155,122
#023,Ekans,Generation I,Poison, Unknown,35,60,44,40,54,55,288,13,LC,115,95,133,104,94
#024,Arbok,Generation I,Poison, Unknown,60,85,69,65,79,80,438,13,RU,165,145,208,154,144
#025,Pikachu,Generation I,Electric, Unknown,35,55,30,50,40,90,300,3,LC,145,140,105,85,90
#026,Raichu,Generation I,Electric, Unknown,60,90,55,90,80,100,475,3,RU,190,190,195,145,170
#027,Sandshrew,Generation I,Ground, Unknown,50,75,85,20,30,40,300,10,LC,115,60,165,160,50
#028,Sandslash,Generation I,Ground, Unknown,75,100,110,45,55,65,450,10,RU,165,110,240,210,100
#029,Nidoran♀,Generation I,Poison, Unknown,55,47,52,40,40,41,275,13,LC,88,81,147,99,80
#030,Nidorina,Generation I,Poison, Unknown,70,62,67,55,55,56,365,13,NU,118,111,192,129,110
#031,Nidoqueen,Generation I,Poison, Ground,90,82,87,75,85,76,495,13,RU,158,151,262,169,160
#032,Nidoran♂,Generation I,Poison, Unknown,46,57,40,40,40,50,273,13,LC,107,90,126,97,80
#033,Nidorino,Generation I,Poison, Unknown,61,72,57,55,55,65,365,13,NU,137,120,173,129,110
#034,Nidoking,Generation I,Poison, Ground,81,92,77,85,75,85,495,13,RU,177,170,233,169,160
#035,Clefairy,Generation I,Fairy, Unknown,70,45,48,60,65,35,323,4,NU,80,95,183,93,125
#036,Clefable,Generation I,Fairy, Unknown,95,70,73,85,90,60,473,4,RU,130,145,258,143,175
#037,Vulpix,Generation I,Fire, Unknown,38,41,40,50,65,65,299,6,LC,106,115,143,81,115
#038,Ninetales,Generation I,Fire, Unknown,73,76,75,81,100,100,505,6,UU,176,181,248,151,181
#039,Jigglypuff,Generation I,Normal, Fairy,115,45,20,45,25,20,270,12,LC,65,65,160,65,70
#040,Wigglytuff,Generation I,Normal, Fairy,140,70,45,75,50,45,425,12,RU,115,120,235,115,125
#041,Zubat,Generation I,Poison, Flying,40,45,35,30,40,55,245,13,LC,100,85,115,80,70
#042,Golbat,Generation I,Poison, Flying,75,80,70,65,75,90,455,13,RU,170,155,220,150,140
#043,Oddish,Generation I,Grass, Poison,45,50,55,75,65,30,320,9,NU,80,105,165,105,140
#044,Gloom,Generation I,Grass, Poison,60,65,70,85,75,40,395,9,NU,105,125,205,135,160
#045,Vileplume,Generation I,Grass, Poison,75,80,85,100,90,50,480,9,RU,130,150,250,165,190
#046,Paras,Generation I,Bug, Grass,35,70,55,45,55,25,285,0,LC,95,70,145,125,100
#047,Parasect,Generation I,Bug, Grass,60,95,80,60,80,30,405,0,RU,125,90,220,175,140
#048,Venonat,Generation I,Bug, Poison,60,55,50,40,55,45,305,0,NU,100,85,165,105,95
#049,Venomoth,Generation I,Bug, Poison,70,65,60,90,75,90,450,0,RU,155,180,205,125,165
#050,Diglett,Generation I,Ground, Unknown,10,55,25,35,45,95,265,10,LC,150,130,80,80,80
#051,Dugtrio,Generation I,Ground, Unknown,35,80,50,50,70,120,405,10,RU,200,170,155,130,120
#052,Meowth,Generation I,Normal, Unknown,40,45,35,40,40,90,290,12,LC,135,130,115,80,80
#053,Persian,Generation I,Normal, Unknown,65,70,60,65,65,115,440,12,RU,185,180,190,130,130
#054,Psyduck,Generation I,Water, Unknown,50,52,48,65,50,55,320,17,NU,107,120,148,100,115
#055,Golduck,Generation I,Water, Unknown,80,82,78,95,80,85,500,17,RU,167,180,238,160,175
#056,Mankey,Generation I,Fighting, Unknown,40,80,35,35,45,70,305,5,NU,150,105,120,115,80
#057,Primeape,Generation I,Fighting, Unknown,65,105,60,60,70,95,455,5,RU,200,155,195,165,130
#058,Growlithe,Generation I,Fire, Unknown,55,70,45,70,50,60,350,6,NU,130,130,150,115,120
#059,Arcanine,Generation I,Fire, Unknown,90,110,80,100,80,95,555,6,UU,205,195,250,190,180
#060,Poliwag,Generation I,Water, Unknown,40,50,40,40,40,90,300,17,LC,140,130,120,90,80
#061,Poliwhirl,Generation I,Water, Unknown,65,65,65,50,50,90,385,17,NU,155,140,180,130,100
#062,Poliwrath,Generation I,Water, Fighting,90,85,95,70,90,70,500,17,RU,155,140,275,180,160
#063,Abra,Generation I,Psychic, Unknown,25,20,15,105,55,90,310,14,NU,110,195,95,35,160
#064,Kadabra,Generation I,Psychic, Unknown,40,35,30,120,70,105,400,14,NU,140,225,140,65,190
#065,Alakazam,Generation I,Psychic, Unknown,55,50,45,135,85,120,490,14,RU,170,255,185,95,220
#066,Machop,Generation I,Fighting, Unknown,70,80,50,35,35,35,305,5,NU,115,70,155,130,70
#067,Machoke,Generation I,Fighting, Unknown,80,100,70,50,60,45,405,5,RU,145,95,210,170,110
#068,Machamp,Generation I,Fighting, Unknown,90,130,80,65,85,55,505,5,UU,185,120,255,210,150
#069,Bellsprout,Generation I,Grass, Poison,50,75,35,70,30,40,300,9,LC,115,110,115,110,100
#070,Weepinbell,Generation I,Grass, Poison,65,90,50,85,45,55,390,9,NU,145,140,160,140,130
#071,Victreebel,Generation I,Grass, Poison,80,105,65,100,60,70,480,9,RU,175,170,205,170,160
#072,Tentacool,Generation I,Water, Poison,40,40,35,50,100,70,335,17,NU,110,120,175,75,150
#073,Tentacruel,Generation I,Water, Poison,80,70,65,80,120,100,515,17,UU,170,180,265,135,200
#074,Geodude,Generation I,Rock, Ground,40,80,100,30,30,20,300,15,LC,100,50,170,180,60
#075,Graveler,Generation I,Rock, Ground,55,95,115,45,45,35,390,15,NU,130,80,215,210,90
#076,Golem,Generation I,Rock, Ground,80,110,130,55,65,45,485,15,RU,155,100,275,240,120
#077,Ponyta,Generation I,Fire, Unknown,50,85,55,65,65,90,410,6,RU,175,155,170,140,130
#078,Rapidash,Generation I,Fire, Unknown,65,100,70,80,80,105,500,6,RU,205,185,215,170,160
#079,Slowpoke,Generation I,Water, Psychic,90,65,65,40,40,15,315,17,NU,80,55,195,130,80
#080,Slowbro,Generation I,Water, Psychic,95,75,110,100,80,30,490,17,RU,105,130,285,185,180
#081,Magnemite,Generation I,Electric, Steel,25,35,70,95,55,45,325,3,NU,80,140,150,105,150
#082,Magneton,Generation I,Electric, Steel,50,60,95,120,70,70,465,3,RU,130,190,215,155,190
#083,Farfetch'd,Generation I,Normal, Flying,52,65,55,58,62,60,352,12,NU,125,118,169,120,120
#084,Doduo,Generation I,Normal, Flying,35,85,45,35,35,75,310,12,NU,160,110,115,130,70
#085,Dodrio,Generation I,Normal, Flying,60,110,70,60,60,100,460,12,RU,210,160,190,180,120
#086,Seel,Generation I,Water, Unknown,65,45,55,45,70,45,325,17,NU,90,90,190,100,115
#087,Dewgong,Generation I,Water, Ice,90,70,80,70,95,70,475,17,RU,140,140,265,150,165
#088,Grimer,Generation I,Poison, Unknown,80,80,50,40,50,25,325,13,NU,105,65,180,130,90
#089,Muk,Generation I,Poison, Unknown,105,105,75,65,100,50,500,13,RU,155,115,280,180,165
#090,Shellder,Generation I,Water, Unknown,30,65,100,45,25,40,305,17,NU,105,85,155,165,70
#091,Cloyster,Generation I,Water, Ice,50,95,180,85,45,70,525,17,UU,165,155,275,275,130
#092,Gastly,Generation I,Ghost, Poison,30,35,30,100,35,80,310,8,NU,115,180,95,65,135
#093,Haunter,Generation I,Ghost, Poison,45,50,45,115,55,95,405,8,RU,145,210,145,95,170
#094,Gengar,Generation I,Ghost, Poison,60,65,60,130,75,110,500,8,RU,175,240,195,125,205
#095,Onix,Generation I,Rock, Ground,35,45,160,30,45,70,385,15,NU,115,100,240,205,75
#096,Drowzee,Generation I,Psychic, Unknown,60,48,45,43,90,42,328,14,NU,90,85,195,93,133
#097,Hypno,Generation I,Psychic, Unknown,85,73,70,73,115,67,483,14,RU,140,140,270,143,188
#098,Krabby,Generation I,Water, Unknown,30,105,90,25,25,50,325,17,NU,155,75,145,195,50
#099,Kingler,Generation I,Water, Unknown,55,130,115,50,50,75,475,17,RU,205,125,220,245,100
#100,Voltorb,Generation I,Electric, Unknown,40,30,50,55,55,100,330,3,NU,130,155,145,80,110
#101,Electrode,Generation I,Electric, Unknown,60,50,70,80,80,140,480,3,RU,190,220,210,120,160
#102,Exeggcute,Generation I,Grass, Psychic,60,40,80,60,45,40,325,9,NU,80,100,185,120,105
#103,Exeggutor,Generation I,Grass, Psychic,95,95,85,125,65,55,520,9,UU,150,180,245,180,190
#104,Cubone,Generation I,Ground, Unknown,50,50,95,40,50,35,320,10,NU,85,75,195,145,90
#105,Marowak,Generation I,Ground, Unknown,60,80,110,50,80,45,425,10,RU,125,95,250,190,130
#106,Hitmonlee,Generation I,Fighting, Unknown,50,120,53,35,110,87,455,5,RU,207,122,213,173,145
#107,Hitmonchan,Generation I,Fighting, Unknown,50,105,79,35,110,76,455,5,RU,181,111,239,184,145
#108,Lickitung,Generation I,Normal, Unknown,90,55,75,60,75,30,385,12,NU,85,90,240,130,135
#109,Koffing,Generation I,Poison, Unknown,40,65,95,60,45,35,340,13,NU,100,95,180,160,105
#110,Weezing,Generation I,Poison, Unknown,65,90,120,85,70,60,490,13,RU,150,145,255,210,155
#111,Rhyhorn,Generation I,Ground, Rock,80,85,95,30,30,25,345,10,NU,110,55,205,180,60
#112,Rhydon,Generation I,Ground, Rock,105,130,120,45,45,40,485,10,RU,170,85,270,250,90
#113,Chansey,Generation I,Normal, Unknown,250,5,5,35,105,50,450,12,RU,55,85,360,10,140
#114,Tangela,Generation I,Grass, Unknown,65,55,115,100,40,60,435,9,RU,115,160,220,170,140
#115,Kangaskhan,Generation I,Normal, Unknown,105,95,80,40,80,90,490,12,RU,185,130,265,175,120
#116,Horsea,Generation I,Water, Unknown,30,40,70,70,25,60,295,17,LC,100,130,125,110,95
#117,Seadra,Generation I,Water, Unknown,55,65,95,95,45,85,440,17,RU,150,180,195,160,140
#118,Goldeen,Generation I,Water, Unknown,45,67,60,35,50,63,320,17,NU,130,98,155,127,85
#119,Seaking,Generation I,Water, Unknown,80,92,65,65,80,68,450,17,RU,160,133,225,157,145
#120,Staryu,Generation I,Water, Unknown,30,45,55,70,55,85,340,17,NU,130,155,140,100,125
#121,Starmie,Generation I,Water, Psychic,60,75,85,100,85,115,520,17,UU,190,215,230,160,185
#122,Mr. Mime,Generation I,Psychic, Fairy,40,45,65,100,120,90,460,14,RU,135,190,225,110,220
#123,Scyther,Generation I,Bug, Flying,70,110,80,55,80,105,500,0,RU,215,160,230,190,135
#124,Jynx,Generation I,Ice, Psychic,65,50,35,115,95,95,455,11,RU,145,210,195,85,210
#125,Electabuzz,Generation I,Electric, Unknown,65,83,57,95,85,105,490,3,RU,188,200,207,140,180
#126,Magmar,Generation I,Fire, Unknown,65,95,57,100,85,93,495,6,RU,188,193,207,152,185
#127,Pinsir,Generation I,Bug, Unknown,65,125,100,55,70,85,500,0,RU,210,140,235,225,125
#128,Tauros,Generation I,Normal, Unknown,75,100,95,40,70,110,490,12,RU,210,150,240,195,110
#129,Magikarp,Generation I,Water, Unknown,20,10,55,15,20,80,200,17,LC,90,95,95,65,35
#130,Gyarados,Generation I,Water, Flying,95,125,79,60,100,81,540,17,UU,206,141,274,204,160
#131,Lapras,Generation I,Water, Ice,130,85,80,85,95,60,535,17,UU,145,145,305,165,180
#132,Ditto,Generation I,Normal, Unknown,48,48,48,48,48,48,288,12,LC,96,96,144,96,96
#133,Eevee,Generation I,Normal, Unknown,55,55,50,45,65,55,325,12,NU,110,100,170,105,110
#134,Vaporeon,Generation I,Water, Unknown,130,65,60,110,95,65,525,17,UU,130,175,285,125,205
#135,Jolteon,Generation I,Electric, Unknown,65,65,60,110,95,130,525,3,UU,195,240,220,125,205
#136,Flareon,Generation I,Fire, Unknown,65,130,60,95,110,65,525,6,UU,195,160,235,190,205
#137,Porygon,Generation I,Normal, Unknown,65,60,70,85,75,40,395,12,NU,100,125,210,130,160
#138,Omanyte,Generation I,Rock, Water,35,40,100,90,55,35,355,15,NU,75,125,190,140,145
#139,Omastar,Generation I,Rock, Water,70,60,125,115,70,55,495,15,RU,115,170,265,185,185
#140,Kabuto,Generation I,Rock, Water,30,80,90,55,45,55,355,15,NU,135,110,165,170,100
#141,Kabutops,Generation I,Rock, Water,60,115,105,65,70,80,495,15,RU,195,145,235,220,135
#142,Aerodactyl,Generation I,Rock, Flying,80,105,65,60,75,130,515,15,UU,235,190,220,170,135
#143,Snorlax,Generation I,Normal, Unknown,160,110,65,65,110,30,540,12,UU,140,95,335,175,175
#144,Articuno,Generation I,Ice, Flying,90,85,100,95,125,85,580,11,UU,170,180,315,185,220
#145,Zapdos,Generation I,Electric, Flying,90,90,85,125,90,100,580,3,UU,190,225,265,175,215
#146,Moltres,Generation I,Fire, Flying,90,100,90,125,85,90,580,6,UU,190,215,265,190,210
#147,Dratini,Generation I,Dragon, Unknown,41,64,45,50,50,50,300,2,LC,114,100,136,109,100
#148,Dragonair,Generation I,Dragon, Unknown,61,84,65,70,70,70,420,2,RU,154,140,196,149,140
#149,Dragonite,Generation I,Dragon, Flying,91,134,95,100,100,80,600,2,UU,214,180,286,229,200
#150,Mewtwo,Generation I,Psychic, Unknown,106,110,90,154,90,130,680,14,OU,240,284,286,200,244
#151,Mew,Generation I,Psychic, Unknown,100,100,100,100,100,100,600,14,UU,200,200,300,200,200
#152,Chikorita,Generation II,Grass, Unknown,45,49,65,49,65,45,318,9,NU,94,94,175,114,114
#153,Bayleef,Generation II,Grass, Unknown,60,62,80,63,80,60,405,9,RU,122,123,220,142,143
#154,Meganium,Generation II,Grass, Unknown,80,82,100,83,100,80,525,9,UU,162,163,280,182,183
#155,Cyndaquil,Generation II,Fire, Unknown,39,52,43,60,50,65,309,6,NU,117,125,132,95,110
#156,Quilava,Generation II,Fire, Unknown,58,64,58,80,65,80,405,6,RU,144,160,181,122,145
#157,Typhlosion,Generation II,Fire, Unknown,78,84,78,109,85,100,534,6,UU,184,209,241,162,194
#158,Totodile,Generation II,Water, Unknown,50,65,64,44,48,43,314,17,NU,108,87,162,129,92
#159,Croconaw,Generation II,Water, Unknown,65,80,80,59,63,58,405,17,RU,138,117,208,160,122
#160,Feraligatr,Generation II,Water, Unknown,85,105,100,79,83,78,530,17,UU,183,157,268,205,162
#161,Sentret,Generation II,Normal, Unknown,35,46,34,35,45,20,215,12,LC,66,55,114,80,80
#162,Furret,Generation II,Normal, Unknown,85,76,64,45,55,90,415,12,RU,166,135,204,140,100
#163,Hoothoot,Generation II,Normal, Flying,60,30,30,36,56,50,262,12,LC,80,86,146,60,92
#164,Noctowl,Generation II,Normal, Flying,100,50,50,76,96,70,442,12,RU,120,146,246,100,172
#165,Ledyba,Generation II,Bug, Flying,40,20,30,40,80,55,265,0,LC,75,95,150,50,120
#166,Ledian,Generation II,Bug, Flying,55,35,50,55,110,85,390,0,NU,120,140,215,85,165
#167,Spinarak,Generation II,Bug, Poison,40,60,40,40,40,30,250,0,LC,90,70,120,100,80
#168,Ariados,Generation II,Bug, Poison,70,90,70,60,60,40,390,0,NU,130,100,200,160,120
#169,Crobat,Generation II,Poison, Flying,85,90,80,70,80,130,535,13,UU,220,200,245,170,150
#170,Chinchou,Generation II,Water, Electric,75,38,38,56,56,67,330,17,NU,105,123,169,76,112
#171,Lanturn,Generation II,Water, Electric,125,58,58,76,76,67,460,17,RU,125,143,259,116,152
#172,Pichu,Generation II,Electric, Unknown,20,40,15,35,35,60,205,3,LC,100,95,70,55,70
#173,Cleffa,Generation II,Fairy, Unknown,50,25,28,45,55,15,218,4,LC,40,60,133,53,100
#174,Igglybuff,Generation II,Normal, Fairy,90,30,15,40,20,15,210,12,LC,45,55,125,45,60
#175,Togepi,Generation II,Fairy, Unknown,35,20,65,40,65,20,245,4,LC,40,60,165,85,105
#176,Togetic,Generation II,Fairy, Flying,55,40,85,80,105,40,405,4,RU,80,120,245,125,185
#177,Natu,Generation II,Psychic, Flying,40,50,45,70,45,70,320,14,NU,120,140,130,95,115
#178,Xatu,Generation II,Psychic, Flying,65,75,70,95,70,95,470,14,RU,170,190,205,145,165
#179,Mareep,Generation II,Electric, Unknown,55,40,40,65,45,35,280,3,LC,75,100,140,80,110
#180,Flaaffy,Generation II,Electric, Unknown,70,55,55,80,60,45,365,3,NU,100,125,185,110,140
#181,Ampharos,Generation II,Electric, Unknown,90,75,75,115,90,55,500,3,RU,130,170,255,150,205
#182,Bellossom,Generation II,Grass, Unknown,75,80,85,90,100,50,480,9,RU,130,140,260,165,190
#183,Marill,Generation II,Water, Fairy,70,20,50,20,50,40,250,17,LC,60,60,170,70,70
#184,Azumarill,Generation II,Water, Fairy,100,50,80,50,80,50,410,17,RU,100,100,260,130,130
#185,Sudowoodo,Generation II,Rock, Unknown,70,100,115,30,65,30,410,15,RU,130,60,250,215,95
#186,Politoed,Generation II,Water, Unknown,90,75,75,90,100,70,500,17,RU,145,160,265,150,190
#187,Hoppip,Generation II,Grass, Flying,35,35,40,35,55,50,250,9,LC,85,85,130,75,90
#188,Skiploom,Generation II,Grass, Flying,55,45,50,45,65,80,340,9,NU,125,125,170,95,110
#189,Jumpluff,Generation II,Grass, Flying,75,55,70,55,85,110,450,9,RU,165,165,230,125,140
#190,Aipom,Generation II,Normal, Unknown,55,70,55,40,55,85,360,12,NU,155,125,165,125,95
#191,Sunkern,Generation II,Grass, Unknown,30,30,30,30,30,30,180,9,LC,60,60,90,60,60
#192,Sunflora,Generation II,Grass, Unknown,75,75,55,105,85,30,425,9,RU,105,135,215,130,190
#193,Yanma,Generation II,Bug, Flying,65,65,45,75,45,95,390,0,NU,160,170,155,110,120
#194,Wooper,Generation II,Water, Ground,55,45,45,25,25,15,210,17,LC,60,40,125,90,50
#195,Quagsire,Generation II,Water, Ground,95,85,85,65,65,35,430,17,RU,120,100,245,170,130
#196,Espeon,Generation II,Psychic, Unknown,65,65,60,130,95,110,525,14,UU,175,240,220,125,225
#197,Umbreon,Generation II,Dark, Unknown,95,65,110,60,130,65,525,1,UU,130,125,335,175,190
#198,Murkrow,Generation II,Dark, Flying,60,85,42,85,42,91,405,1,RU,176,176,144,127,127
#199,Slowking,Generation II,Water, Psychic,95,75,80,100,110,30,490,17,RU,105,130,285,155,210
#200,Misdreavus,Generation II,Ghost, Unknown,60,60,60,85,85,85,435,8,RU,145,170,205,120,170
#201,Unown,Generation II,Psychic, Unknown,48,72,48,72,48,48,336,14,NU,120,120,144,120,120
#202,Wobbuffet,Generation II,Psychic, Unknown,190,33,58,33,58,33,405,14,RU,66,66,306,91,91
#203,Girafarig,Generation II,Normal, Psychic,70,80,65,90,65,85,455,12,RU,165,175,200,145,155
#204,Pineco,Generation II,Bug, Unknown,50,65,90,35,35,15,290,0,LC,80,50,175,155,70
#205,Forretress,Generation II,Bug, Steel,75,90,140,60,60,40,465,0,RU,130,100,275,230,120
#206,Dunsparce,Generation II,Normal, Unknown,100,70,70,65,65,45,415,12,RU,115,110,235,140,130
#207,Gligar,Generation II,Ground, Flying,65,75,105,35,65,85,430,10,RU,160,120,235,180,100
#208,Steelix,Generation II,Steel, Ground,75,85,200,55,65,30,510,16,UU,115,85,340,285,120
#209,Snubbull,Generation II,Fairy, Unknown,60,80,50,40,40,30,300,4,LC,110,70,150,130,80
#210,Granbull,Generation II,Fairy, Unknown,90,120,75,60,60,45,450,4,RU,165,105,225,195,120
#211,Qwilfish,Generation II,Water, Poison,65,95,75,55,55,85,430,17,RU,180,140,195,170,110
#212,Scizor,Generation II,Bug, Steel,70,130,100,55,80,65,500,0,RU,195,120,250,230,135
#213,Shuckle,Generation II,Bug, Rock,20,10,230,10,230,5,505,0,UU,15,15,480,240,240
#214,Heracross,Generation II,Bug, Fighting,80,125,75,40,95,85,500,0,RU,210,125,250,200,135
#215,Sneasel,Generation II,Dark, Ice,55,95,55,35,75,115,430,1,RU,210,150,185,150,110
#216,Teddiursa,Generation II,Normal, Unknown,60,80,50,50,50,40,330,12,NU,120,90,160,130,100
#217,Ursaring,Generation II,Normal, Unknown,90,130,75,75,75,55,500,12,RU,185,130,240,205,150
#218,Slugma,Generation II,Fire, Unknown,40,40,40,70,40,20,250,6,LC,60,90,120,80,110
#219,Magcargo,Generation II,Fire, Rock,50,50,120,80,80,30,410,6,RU,80,110,250,170,160
#220,Swinub,Generation II,Ice, Ground,50,50,40,30,30,50,250,11,LC,100,80,120,90,60
#221,Piloswine,Generation II,Ice, Ground,100,100,80,60,60,50,450,11,RU,150,110,240,180,120
#222,Corsola,Generation II,Water, Rock,55,55,85,65,85,35,380,17,NU,90,100,225,140,150
#223,Remoraid,Generation II,Water, Unknown,35,65,35,65,35,65,300,17,LC,130,130,105,100,100
#224,Octillery,Generation II,Water, Unknown,75,105,75,105,75,45,480,17,RU,150,150,225,180,180
#225,Delibird,Generation II,Ice, Flying,45,55,45,65,45,75,330,11,NU,130,140,135,100,110
#226,Mantine,Generation II,Water, Flying,65,40,70,80,140,70,465,17,RU,110,150,275,110,220
#227,Skarmory,Generation II,Steel, Flying,65,80,140,40,70,70,465,16,RU,150,110,275,220,110
#228,Houndour,Generation II,Dark, Fire,45,60,30,80,50,65,330,1,NU,125,145,125,90,130
#229,Houndoom,Generation II,Dark, Fire,75,90,50,110,80,95,500,1,RU,185,205,205,140,190
#230,Kingdra,Generation II,Water, Dragon,75,95,95,95,95,85,540,17,UU,180,180,265,190,190
#231,Phanpy,Generation II,Ground, Unknown,90,60,60,40,40,40,330,10,NU,100,80,190,120,80
#232,Donphan,Generation II,Ground, Unknown,90,120,120,60,60,50,500,10,RU,170,110,270,240,120
#233,Porygon2,Generation II,Normal, Unknown,85,80,90,105,95,60,515,12,UU,140,165,270,170,200
#234,Stantler,Generation II,Normal, Unknown,73,95,62,85,65,85,465,12,RU,180,170,200,157,150
#235,Smeargle,Generation II,Normal, Unknown,55,20,35,20,45,75,250,12,LC,95,95,135,55,65
#236,Tyrogue,Generation II,Fighting, Unknown,35,35,35,35,35,35,210,5,LC,70,70,105,70,70
#237,Hitmontop,Generation II,Fighting, Unknown,50,95,95,35,110,70,455,5,RU,165,105,255,190,145
#238,Smoochum,Generation II,Ice, Psychic,45,30,15,85,65,65,305,11,NU,95,150,125,45,150
#239,Elekid,Generation II,Electric, Unknown,45,63,37,65,55,95,360,3,NU,158,160,137,100,120
#240,Magby,Generation II,Fire, Unknown,45,75,37,70,55,83,365,6,NU,158,153,137,112,125
#241,Miltank,Generation II,Normal, Unknown,95,80,105,40,70,100,490,12,RU,180,140,270,185,110
#242,Blissey,Generation II,Normal, Unknown,255,10,10,75,135,55,540,12,UU,65,130,400,20,210
#243,Raikou,Generation II,Electric, Unknown,90,85,75,115,100,115,580,3,UU,200,230,265,160,215
#244,Entei,Generation II,Fire, Unknown,115,115,85,90,75,100,580,6,UU,215,190,275,200,165
#245,Suicune,Generation II,Water, Unknown,100,75,115,90,115,85,580,17,UU,160,175,330,190,205
#246,Larvitar,Generation II,Rock, Ground,50,64,50,45,50,41,300,15,LC,105,86,150,114,95
#247,Pupitar,Generation II,Rock, Ground,70,84,70,65,70,51,410,15,RU,135,116,210,154,135
#248,Tyranitar,Generation II,Rock, Dark,100,134,110,95,100,61,600,15,UU,195,156,310,244,195
#249,Lugia,Generation II,Psychic, Flying,106,90,130,90,154,110,680,14,OU,200,200,390,220,244
#250,Ho-Oh,Generation II,Fire, Flying,106,130,90,110,154,90,680,6,OU,220,200,350,220,264
#251,Celebi,Generation II,Psychic, Grass,100,100,100,100,100,100,600,14,UU,200,200,300,200,200
#252,Treecko,Generation III,Grass, Unknown,40,45,35,65,55,70,310,9,NU,115,135,130,80,120
#253,Grovyle,Generation III,Grass, Unknown,50,65,45,85,65,95,405,9,RU,160,180,160,110,150
#254,Sceptile,Generation III,Grass, Unknown,70,85,65,105,85,120,530,9,UU,205,225,220,150,190
#255,Torchic,Generation III,Fire, Unknown,45,60,40,70,50,45,310,6,NU,105,115,135,100,120
#256,Combusken,Generation III,Fire, Fighting,60,85,60,85,60,55,405,6,RU,140,140,180,145,145
#257,Blaziken,Generation III,Fire, Fighting,80,120,70,110,70,80,530,6,UU,200,190,220,190,180
#258,Mudkip,Generation III,Water, Unknown,50,70,50,50,50,40,310,17,NU,110,90,150,120,100
#259,Marshtomp,Generation III,Water, Ground,70,85,70,60,70,50,405,17,RU,135,110,210,155,130
#260,Swampert,Generation III,Water, Ground,100,110,90,85,90,60,535,17,UU,170,145,280,200,175
#261,Poochyena,Generation III,Dark, Unknown,35,55,35,30,30,35,220,1,LC,90,65,100,90,60
#262,Mightyena,Generation III,Dark, Unknown,70,90,70,60,60,70,420,1,RU,160,130,200,160,120
#263,Zigzagoon,Generation III,Normal, Unknown,38,30,41,30,41,60,240,12,LC,90,90,120,71,71
#264,Linoone,Generation III,Normal, Unknown,78,70,61,50,61,100,420,12,RU,170,150,200,131,111
#265,Wurmple,Generation III,Bug, Unknown,45,45,35,20,30,20,195,0,LC,65,40,110,80,50
#266,Silcoon,Generation III,Bug, Unknown,50,35,55,25,25,15,205,0,LC,50,40,130,90,50
#267,Beautifly,Generation III,Bug, Flying,60,70,50,90,50,65,385,0,NU,135,155,160,120,140
#268,Cascoon,Generation III,Bug, Unknown,50,35,55,25,25,15,205,0,LC,50,40,130,90,50
#269,Dustox,Generation III,Bug, Poison,60,50,70,50,90,65,385,0,NU,115,115,220,120,140
#270,Lotad,Generation III,Water, Grass,40,30,30,40,50,30,220,17,LC,60,70,120,60,90
#271,Lombre,Generation III,Water, Grass,60,50,50,60,70,50,340,17,NU,100,110,180,100,130
#272,Ludicolo,Generation III,Water, Grass,80,70,70,90,100,70,480,17,RU,140,160,250,140,190
#273,Seedot,Generation III,Grass, Unknown,40,40,50,30,30,30,220,9,LC,70,60,120,90,60
#274,Nuzleaf,Generation III,Grass, Dark,70,70,40,60,40,60,340,9,NU,130,120,150,110,100
#275,Shiftry,Generation III,Grass, Dark,90,100,60,90,60,80,480,9,RU,180,170,210,160,150
#276,Taillow,Generation III,Normal, Flying,40,55,30,30,30,85,270,12,LC,140,115,100,85,60
#277,Swellow,Generation III,Normal, Flying,60,85,60,50,50,125,430,12,RU,210,175,170,145,100
#278,Wingull,Generation III,Water, Flying,40,30,30,55,30,85,270,17,LC,115,140,100,60,85
#279,Pelipper,Generation III,Water, Flying,60,50,100,85,70,65,430,17,RU,115,150,230,150,155
#280,Ralts,Generation III,Psychic, Fairy,28,25,25,45,35,40,198,14,LC,65,85,88,50,80
#281,Kirlia,Generation III,Psychic, Fairy,38,35,35,65,55,50,278,14,LC,85,115,128,70,120
#282,Gardevoir,Generation III,Psychic, Fairy,68,65,65,125,115,80,518,14,UU,145,205,248,130,240
#283,Surskit,Generation III,Bug, Water,40,30,32,50,52,65,269,0,LC,95,115,124,62,102
#284,Masquerain,Generation III,Bug, Flying,70,60,62,80,82,60,414,0,RU,120,140,214,122,162
#285,Shroomish,Generation III,Grass, Unknown,60,40,60,40,60,35,295,9,LC,75,75,180,100,100
#286,Breloom,Generation III,Grass, Fighting,60,130,80,60,60,70,460,9,RU,200,130,200,210,120
#287,Slakoth,Generation III,Normal, Unknown,60,60,60,35,35,30,280,12,LC,90,65,155,120,70
#288,Vigoroth,Generation III,Normal, Unknown,80,80,80,55,55,90,440,12,RU,170,145,215,160,110
#289,Slaking,Generation III,Normal, Unknown,150,160,100,95,65,100,670,12,OU,260,195,315,260,160
#290,Nincada,Generation III,Bug, Ground,31,45,90,30,30,40,266,0,LC,85,70,151,135,60
#291,Ninjask,Generation III,Bug, Flying,61,90,45,50,50,160,456,0,RU,250,210,156,135,100
#292,Shedinja,Generation III,Bug, Ghost,1,90,45,30,30,40,236,0,LC,130,70,76,135,60
#293,Whismur,Generation III,Normal, Unknown,64,51,23,51,23,28,240,12,LC,79,79,110,74,74
#294,Loudred,Generation III,Normal, Unknown,84,71,43,71,43,48,360,12,NU,119,119,170,114,114
#295,Exploud,Generation III,Normal, Unknown,104,91,63,91,63,68,480,12,RU,159,159,230,154,154
#296,Makuhita,Generation III,Fighting, Unknown,72,60,30,20,30,25,237,5,LC,85,45,132,90,50
#297,Hariyama,Generation III,Fighting, Unknown,144,120,60,40,60,50,474,5,RU,170,90,264,180,100
#298,Azurill,Generation III,Normal, Fairy,50,20,40,20,40,20,190,12,LC,40,40,130,60,60
#299,Nosepass,Generation III,Rock, Unknown,30,45,135,45,90,30,375,15,NU,75,75,255,180,135
#300,Skitty,Generation III,Normal, Unknown,50,45,45,35,35,50,260,12,LC,95,85,130,90,70
#301,Delcatty,Generation III,Normal, Unknown,70,65,65,55,55,70,380,12,NU,135,125,190,130,110
#302,Sableye,Generation III,Dark, Ghost,50,75,75,65,65,50,380,1,NU,125,115,190,150,130
#303,Mawile,Generation III,Steel, Fairy,50,85,85,55,55,50,380,16,NU,135,105,190,170,110
#304,Aron,Generation III,Steel, Rock,50,70,100,40,40,30,330,16,NU,100,70,190,170,80
#305,Lairon,Generation III,Steel, Rock,60,90,140,50,50,40,430,16,RU,130,90,250,230,100
#306,Aggron,Generation III,Steel, Rock,70,110,180,60,60,50,530,16,UU,160,110,310,290,120
#307,Meditite,Generation III,Fighting, Psychic,30,40,55,40,55,60,280,5,LC,100,100,140,95,95
#308,Medicham,Generation III,Fighting, Psychic,60,60,75,60,75,80,410,5,RU,140,140,210,135,135
#309,Electrike,Generation III,Electric, Unknown,40,45,40,65,40,65,295,3,LC,110,130,120,85,105
#310,Manectric,Generation III,Electric, Unknown,70,75,60,105,60,105,475,3,RU,180,210,190,135,165
#311,Plusle,Generation III,Electric, Unknown,60,50,40,85,75,95,405,3,RU,145,180,175,90,160
#312,Minun,Generation III,Electric, Unknown,60,40,50,75,85,95,405,3,RU,135,170,195,90,160
#313,Volbeat,Generation III,Bug, Unknown,65,73,55,47,75,85,400,0,NU,158,132,195,128,122
#314,Illumise,Generation III,Bug, Unknown,65,47,55,73,75,85,400,0,NU,132,158,195,102,148
#315,Roselia,Generation III,Grass, Poison,50,60,45,100,80,65,400,9,NU,125,165,175,105,180
#316,Gulpin,Generation III,Poison, Unknown,70,43,53,43,53,40,302,13,NU,83,83,176,96,96
#317,Swalot,Generation III,Poison, Unknown,100,73,83,73,83,55,467,13,RU,128,128,266,156,156
#318,Carvanha,Generation III,Water, Dark,45,90,20,65,20,65,305,17,NU,155,130,85,110,85
#319,Sharpedo,Generation III,Water, Dark,70,120,40,95,40,95,460,17,RU,215,190,150,160,135
#320,Wailmer,Generation III,Water, Unknown,130,70,35,70,35,60,400,17,NU,130,130,200,105,105
#321,Wailord,Generation III,Water, Unknown,170,90,45,90,45,60,500,17,RU,150,150,260,135,135
#322,Numel,Generation III,Fire, Ground,60,60,40,65,45,35,305,6,NU,95,100,145,100,110
#323,Camerupt,Generation III,Fire, Ground,70,100,70,105,75,40,460,6,RU,140,145,215,170,180
#324,Torkoal,Generation III,Fire, Unknown,70,85,140,85,70,20,470,6,RU,105,105,280,225,155
#325,Spoink,Generation III,Psychic, Unknown,60,25,35,70,80,60,330,14,NU,85,130,175,60,150
#326,Grumpig,Generation III,Psychic, Unknown,80,45,65,90,110,80,470,14,RU,125,170,255,110,200
#327,Spinda,Generation III,Normal, Unknown,60,60,60,60,60,60,360,12,NU,120,120,180,120,120
#328,Trapinch,Generation III,Ground, Unknown,45,100,45,45,45,10,290,10,LC,110,55,135,145,90
#329,Vibrava,Generation III,Ground, Dragon,50,70,50,50,50,70,340,10,NU,140,120,150,120,100
#330,Flygon,Generation III,Ground, Dragon,80,100,80,80,80,100,520,10,UU,200,180,240,180,160
#331,Cacnea,Generation III,Grass, Unknown,50,85,40,85,40,35,335,9,NU,120,120,130,125,125
#332,Cacturne,Generation III,Grass, Dark,70,115,60,115,60,55,475,9,RU,170,170,190,175,175
#333,Swablu,Generation III,Normal, Flying,45,40,60,40,75,50,310,12,NU,90,90,180,100,115
#334,Altaria,Generation III,Dragon, Flying,75,70,90,70,105,80,490,2,RU,150,150,270,160,175
#335,Zangoose,Generation III,Normal, Unknown,73,115,60,60,60,90,458,12,RU,205,150,193,175,120
#336,Seviper,Generation III,Poison, Unknown,73,100,60,100,60,65,458,13,RU,165,165,193,160,160
#337,Lunatone,Generation III,Rock, Psychic,70,55,65,95,85,70,440,15,RU,125,165,220,120,180
#338,Solrock,Generation III,Rock, Psychic,70,95,85,55,65,70,440,15,RU,165,125,220,180,120
#339,Barboach,Generation III,Water, Ground,50,48,43,46,41,60,288,17,LC,108,106,134,91,87
#340,Whiscash,Generation III,Water, Ground,110,78,73,76,71,60,468,17,RU,138,136,254,151,147
#341,Corphish,Generation III,Water, Unknown,43,80,65,50,35,35,308,17,NU,115,85,143,145,85
#342,Crawdaunt,Generation III,Water, Dark,63,120,85,90,55,55,468,17,RU,175,145,203,205,145
#343,Baltoy,Generation III,Ground, Psychic,40,40,55,40,70,55,300,10,LC,95,95,165,95,110
#344,Claydol,Generation III,Ground, Psychic,60,70,105,70,120,75,500,10,RU,145,145,285,175,190
#345,Lileep,Generation III,Rock, Grass,66,41,77,61,87,23,355,15,NU,64,84,230,118,148
#346,Cradily,Generation III,Rock, Grass,86,81,97,81,107,43,495,15,RU,124,124,290,178,188
#347,Anorith,Generation III,Rock, Bug,45,95,50,40,50,75,355,15,NU,170,115,145,145,90
#348,Armaldo,Generation III,Rock, Bug,75,125,100,70,80,45,495,15,RU,170,115,255,225,150
#349,Feebas,Generation III,Water, Unknown,20,15,20,10,55,80,200,17,LC,95,90,95,35,65
#350,Milotic,Generation III,Water, Unknown,95,60,79,100,125,81,540,17,UU,141,181,299,139,225
#351,Castform,Generation III,Normal, Unknown,70,70,70,70,70,70,420,12,RU,140,140,210,140,140
#352,Kecleon,Generation III,Normal, Unknown,60,90,70,60,120,40,440,12,RU,130,100,250,160,180
#353,Shuppet,Generation III,Ghost, Unknown,44,75,35,63,33,45,295,8,LC,120,108,112,110,96
#354,Banette,Generation III,Ghost, Unknown,64,115,65,83,63,65,455,8,RU,180,148,192,180,146
#355,Duskull,Generation III,Ghost, Unknown,20,40,90,30,90,25,295,8,LC,65,55,200,130,120
#356,Dusclops,Generation III,Ghost, Unknown,40,70,130,60,130,25,455,8,RU,95,85,300,200,190
#357,Tropius,Generation III,Grass, Flying,99,68,83,72,87,51,460,9,RU,119,123,269,151,159
#358,Chimecho,Generation III,Psychic, Unknown,65,50,70,95,80,65,425,14,RU,115,160,215,120,175
#359,Absol,Generation III,Dark, Unknown,65,130,60,75,60,75,465,1,RU,205,150,185,190,135
#360,Wynaut,Generation III,Psychic, Unknown,95,23,48,23,48,23,260,14,LC,46,46,191,71,71
#361,Snorunt,Generation III,Ice, Unknown,50,50,50,50,50,50,300,11,LC,100,100,150,100,100
#362,Glalie,Generation III,Ice, Unknown,80,80,80,80,80,80,480,11,RU,160,160,240,160,160
#363,Spheal,Generation III,Ice, Water,70,40,50,55,50,25,290,11,LC,65,80,170,90,105
#364,Sealeo,Generation III,Ice, Water,90,60,70,75,70,45,410,11,RU,105,120,230,130,145
#365,Walrein,Generation III,Ice, Water,110,80,90,95,90,65,530,11,UU,145,160,290,170,185
#366,Clamperl,Generation III,Water, Unknown,35,64,85,74,55,32,345,17,NU,96,106,175,149,129
#367,Huntail,Generation III,Water, Unknown,55,104,105,94,75,52,485,17,RU,156,146,235,209,169
#368,Gorebyss,Generation III,Water, Unknown,55,84,105,114,75,52,485,17,RU,136,166,235,189,189
#369,Relicanth,Generation III,Water, Rock,100,90,130,45,65,55,485,17,RU,145,100,295,220,110
#370,Luvdisc,Generation III,Water, Unknown,43,30,55,40,65,97,330,17,NU,127,137,163,85,105
#371,Bagon,Generation III,Dragon, Unknown,45,75,60,40,30,50,300,2,LC,125,90,135,135,70
#372,Shelgon,Generation III,Dragon, Unknown,65,95,100,60,50,50,420,2,RU,145,110,215,195,110
#373,Salamence,Generation III,Dragon, Flying,95,135,80,110,80,100,600,2,UU,235,210,255,215,190
#374,Beldum,Generation III,Steel, Psychic,40,55,80,35,60,30,300,16,LC,85,65,180,135,95
#375,Metang,Generation III,Steel, Psychic,60,75,100,55,80,50,420,16,RU,125,105,240,175,135
#376,Metagross,Generation III,Steel, Psychic,80,135,130,95,90,70,600,16,UU,205,165,300,265,185
#377,Regirock,Generation III,Rock, Unknown,80,100,200,50,100,50,580,15,UU,150,100,380,300,150
#378,Regice,Generation III,Ice, Unknown,80,50,100,100,200,50,580,11,UU,100,150,380,150,300
#379,Registeel,Generation III,Steel, Unknown,80,75,150,75,150,50,580,16,UU,125,125,380,225,225
#380,Latias,Generation III,Dragon, Psychic,80,80,90,110,130,110,600,2,UU,190,220,300,170,240
#381,Latios,Generation III,Dragon, Psychic,80,90,80,130,110,110,600,2,UU,200,240,270,170,240
#382,Kyogre,Generation III,Water, Unknown,100,100,90,150,140,90,670,17,OU,190,240,330,190,290
#383,Groudon,Generation III,Ground, Unknown,100,150,140,100,90,90,670,10,OU,240,190,330,290,190
#384,Rayquaza,Generation III,Dragon, Flying,105,150,90,150,90,95,680,2,OU,245,245,285,240,240
#385,Jirachi,Generation III,Steel, Psychic,100,100,100,100,100,100,600,16,UU,200,200,300,200,200
#386,Deoxys,Generation III,Psychic, Unknown,50,150,50,150,50,150,600,14,UU,300,300,150,200,200
#387,Turtwig,Generation IV,Grass, Unknown,55,68,64,45,55,31,318,9,NU,99,76,174,132,100
#388,Grotle,Generation IV,Grass, Unknown,75,89,85,55,65,36,405,9,RU,125,91,225,174,120
#389,Torterra,Generation IV,Grass, Ground,95,109,105,75,85,56,525,9,UU,165,131,285,214,160
#390,Chimchar,Generation IV,Fire, Unknown,44,58,44,58,44,61,309,6,NU,119,119,132,102,102
#391,Monferno,Generation IV,Fire, Fighting,64,78,52,78,52,81,405,6,RU,159,159,168,130,130
#392,Infernape,Generation IV,Fire, Fighting,76,104,71,104,71,108,534,6,UU,212,212,218,175,175
#393,Piplup,Generation IV,Water, Unknown,53,51,53,61,56,40,314,17,NU,91,101,162,104,117
#394,Prinplup,Generation IV,Water, Unknown,64,66,68,81,76,50,405,17,RU,116,131,208,134,157
#395,Empoleon,Generation IV,Water, Steel,84,86,88,111,101,60,530,17,UU,146,171,273,174,212
#396,Starly,Generation IV,Normal, Flying,40,55,30,30,30,60,245,12,LC,115,90,100,85,60
#397,Staravia,Generation IV,Normal, Flying,55,75,50,40,40,80,340,12,NU,155,120,145,125,80
#398,Staraptor,Generation IV,Normal, Flying,85,120,70,50,50,100,475,12,RU,220,150,205,190,100
#399,Bidoof,Generation IV,Normal, Unknown,59,45,40,35,40,31,250,12,LC,76,66,139,85,75
#400,Bibarel,Generation IV,Normal, Water,79,85,60,55,60,71,410,12,RU,156,126,199,145,115
#401,Kricketot,Generation IV,Bug, Unknown,37,25,41,25,41,25,194,0,LC,50,50,119,66,66
#402,Kricketune,Generation IV,Bug, Unknown,77,85,51,55,51,65,384,0,NU,150,120,179,136,106
#403,Shinx,Generation IV,Electric, Unknown,45,65,34,40,34,45,263,3,LC,110,85,113,99,74
#404,Luxio,Generation IV,Electric, Unknown,60,85,49,60,49,60,363,3,NU,145,120,158,134,109
#405,Luxray,Generation IV,Electric, Unknown,80,120,79,95,79,70,523,3,UU,190,165,238,199,174
#406,Budew,Generation IV,Grass, Poison,40,30,35,50,70,55,280,9,LC,85,105,145,65,120
#407,Roserade,Generation IV,Grass, Poison,60,70,55,125,105,90,505,9,UU,160,215,220,125,230
#408,Cranidos,Generation IV,Rock, Unknown,67,125,40,30,30,58,350,15,NU,183,88,137,165,60
#409,Rampardos,Generation IV,Rock, Unknown,97,165,60,65,50,58,495,15,RU,223,123,207,225,115
#410,Shieldon,Generation IV,Rock, Steel,30,42,118,42,88,30,350,15,NU,72,72,236,160,130
#411,Bastiodon,Generation IV,Rock, Steel,60,52,168,47,138,30,495,15,RU,82,77,366,220,185
#412,Burmy,Generation IV,Bug, Unknown,40,29,45,29,45,36,224,0,LC,65,65,130,74,74
#413,Wormadam,Generation IV,Bug, Grass,60,59,85,79,105,36,424,0,RU,95,115,250,144,184
#414,Mothim,Generation IV,Bug, Flying,70,94,50,94,50,66,424,0,RU,160,160,170,144,144
#415,Combee,Generation IV,Bug, Flying,30,30,42,30,42,70,244,0,LC,100,100,114,72,72
#416,Vespiquen,Generation IV,Bug, Flying,70,80,102,80,102,40,474,0,RU,120,120,274,182,182
#417,Pachirisu,Generation IV,Electric, Unknown,60,45,70,45,90,95,405,3,RU,140,140,220,115,135
#418,Buizel,Generation IV,Water, Unknown,55,65,35,60,30,85,330,17,NU,150,145,120,100,90
#419,Floatzel,Generation IV,Water, Unknown,85,105,55,85,50,115,495,17,RU,220,200,190,160,135
#420,Cherubi,Generation IV,Grass, Unknown,45,35,45,62,53,35,275,9,LC,70,97,143,80,115
#421,Cherrim,Generation IV,Grass, Unknown,70,60,70,87,78,85,450,9,RU,145,172,218,130,165
#422,Shellos,Generation IV,Water, Unknown,76,48,48,57,62,34,325,17,NU,82,91,186,96,119
#423,Gastrodon,Generation IV,Water, Ground,111,83,68,92,82,39,475,17,RU,122,131,261,151,174
#424,Ambipom,Generation IV,Normal, Unknown,75,100,66,60,66,115,482,12,RU,215,175,207,166,126
#425,Drifloon,Generation IV,Ghost, Flying,90,50,34,60,44,70,348,8,NU,120,130,168,84,104
#426,Drifblim,Generation IV,Ghost, Flying,150,80,44,90,54,80,498,8,RU,160,170,248,124,144
#427,Buneary,Generation IV,Normal, Unknown,55,66,44,44,56,85,350,12,NU,151,129,155,110,100
#428,Lopunny,Generation IV,Normal, Unknown,65,76,84,54,96,105,480,12,RU,181,159,245,160,150
#429,Mismagius,Generation IV,Ghost, Unknown,60,60,60,105,105,105,495,8,RU,165,210,225,120,210
#430,Honchkrow,Generation IV,Dark, Flying,100,125,52,105,52,71,505,1,UU,196,176,204,177,157
#431,Glameow,Generation IV,Normal, Unknown,49,55,42,42,37,85,310,12,NU,140,127,128,97,79
#432,Purugly,Generation IV,Normal, Unknown,71,82,64,64,59,112,452,12,RU,194,176,194,146,123
#433,Chingling,Generation IV,Psychic, Unknown,45,30,50,65,50,45,285,14,LC,75,110,145,80,115
#434,Stunky,Generation IV,Poison, Dark,63,63,47,41,41,74,329,13,NU,137,115,151,110,82
#435,Skuntank,Generation IV,Poison, Dark,103,93,67,71,61,84,479,13,RU,177,155,231,160,132
#436,Bronzor,Generation IV,Steel, Psychic,57,24,86,24,86,23,300,16,LC,47,47,229,110,110
#437,Bronzong,Generation IV,Steel, Psychic,67,89,116,79,116,33,500,16,RU,122,112,299,205,195
#438,Bonsly,Generation IV,Rock, Unknown,50,80,95,10,45,10,290,15,LC,90,20,190,175,55
#439,Mime Jr.,Generation IV,Psychic, Fairy,20,25,45,70,90,60,310,14,NU,85,130,155,70,160
#440,Happiny,Generation IV,Normal, Unknown,100,5,5,15,65,30,220,12,LC,35,45,170,10,80
#441,Chatot,Generation IV,Normal, Flying,76,65,45,92,42,91,411,12,RU,156,183,163,110,134
#442,Spiritomb,Generation IV,Ghost, Dark,50,92,108,92,108,35,485,8,RU,127,127,266,200,200
#443,Gible,Generation IV,Dragon, Ground,58,70,45,40,45,42,300,2,LC,112,82,148,115,85
#444,Gabite,Generation IV,Dragon, Ground,68,90,65,50,55,82,410,2,RU,172,132,188,155,105
#445,Garchomp,Generation IV,Dragon, Ground,108,130,95,80,85,102,600,2,UU,232,182,288,225,165
#446,Munchlax,Generation IV,Normal, Unknown,135,85,40,40,85,5,390,12,NU,90,45,260,125,125
#447,Riolu,Generation IV,Fighting, Unknown,40,70,40,35,40,60,285,5,LC,130,95,120,110,75
#448,Lucario,Generation IV,Fighting, Steel,70,110,70,115,70,90,525,5,UU,200,205,210,180,185
#449,Hippopotas,Generation IV,Ground, Unknown,68,72,78,38,42,32,330,10,NU,104,70,188,150,80
#450,Hippowdon,Generation IV,Ground, Unknown,108,112,118,68,72,47,525,10,UU,159,115,298,230,140
#451,Skorupi,Generation IV,Poison, Bug,40,50,90,30,55,65,330,13,NU,115,95,185,140,85
#452,Drapion,Generation IV,Poison, Dark,70,90,110,60,75,95,500,13,RU,185,155,255,200,135
#453,Croagunk,Generation IV,Poison, Fighting,48,61,40,61,40,50,300,13,LC,111,111,128,101,101
#454,Toxicroak,Generation IV,Poison, Fighting,83,106,65,86,65,85,490,13,RU,191,171,213,171,151
#455,Carnivine,Generation IV,Grass, Unknown,74,100,72,90,72,46,454,9,RU,146,136,218,172,162
#456,Finneon,Generation IV,Water, Unknown,49,49,56,49,61,66,330,17,NU,115,115,166,105,110
#457,Lumineon,Generation IV,Water, Unknown,69,69,76,69,86,91,460,17,RU,160,160,231,145,155
#458,Mantyke,Generation IV,Water, Flying,45,20,50,60,120,50,345,17,NU,70,110,215,70,180
#459,Snover,Generation IV,Grass, Ice,60,62,50,62,60,40,334,9,NU,102,102,170,112,122
#460,Abomasnow,Generation IV,Grass, Ice,90,92,75,92,85,60,494,9,RU,152,152,250,167,177
#461,Weavile,Generation IV,Dark, Ice,70,120,65,45,85,125,510,1,UU,245,170,220,185,130
#462,Magnezone,Generation IV,Electric, Steel,70,70,115,130,90,60,535,3,UU,130,190,275,185,220
#463,Lickilicky,Generation IV,Normal, Unknown,110,85,95,80,95,50,515,12,UU,135,130,300,180,175
#464,Rhyperior,Generation IV,Ground, Rock,115,140,130,55,55,40,535,10,UU,180,95,300,270,110
#465,Tangrowth,Generation IV,Grass, Unknown,100,100,125,110,50,50,535,9,UU,150,160,275,225,160
#466,Electivire,Generation IV,Electric, Unknown,75,123,67,95,85,95,540,3,UU,218,190,227,190,180
#467,Magmortar,Generation IV,Fire, Unknown,75,95,67,125,95,83,540,6,UU,178,208,237,162,220
#468,Togekiss,Generation IV,Fairy, Flying,85,50,95,120,115,80,545,4,UU,130,200,295,145,235
#469,Yanmega,Generation IV,Bug, Flying,86,76,86,116,56,95,515,0,UU,171,211,228,162,172
#470,Leafeon,Generation IV,Grass, Unknown,65,110,130,60,65,95,525,9,UU,205,155,260,240,125
#471,Glaceon,Generation IV,Ice, Unknown,65,60,110,130,95,65,525,11,UU,125,195,270,170,225
#472,Gliscor,Generation IV,Ground, Flying,75,95,125,45,75,95,510,10,UU,190,140,275,220,120
#473,Mamoswine,Generation IV,Ice, Ground,110,130,80,70,60,80,530,11,UU,210,150,250,210,130
#474,Porygon-Z,Generation IV,Normal, Unknown,85,80,70,135,75,90,535,12,UU,170,225,230,150,210
#475,Gallade,Generation IV,Psychic, Fighting,68,125,65,65,115,80,518,14,UU,205,145,248,190,180
#476,Probopass,Generation IV,Rock, Steel,60,55,145,75,150,40,525,15,UU,95,115,355,200,225
#477,Dusknoir,Generation IV,Ghost, Unknown,45,100,135,65,135,45,525,8,UU,145,110,315,235,200
#478,Froslass,Generation IV,Ice, Ghost,70,80,70,80,70,110,480,11,RU,190,190,210,150,150
#479,Rotom,Generation IV,Electric, Ghost,50,50,77,95,77,91,440,3,RU,141,186,204,127,172
#480,Uxie,Generation IV,Psychic, Unknown,75,75,130,75,130,95,580,14,UU,170,170,335,205,205
#481,Mesprit,Generation IV,Psychic, Unknown,80,105,105,105,105,80,580,14,UU,185,185,290,210,210
#482,Azelf,Generation IV,Psychic, Unknown,75,125,70,125,70,115,580,14,UU,240,240,215,195,195
#483,Dialga,Generation IV,Steel, Dragon,100,120,120,150,100,90,680,16,OU,210,240,320,240,250
#484,Palkia,Generation IV,Water, Dragon,90,120,100,150,120,100,680,17,OU,220,250,310,220,270
#485,Heatran,Generation IV,Fire, Steel,91,90,106,130,106,77,600,6,UU,167,207,303,196,236
#486,Regigigas,Generation IV,Normal, Unknown,110,160,110,80,110,100,670,12,OU,260,180,330,270,190
#487,Giratina,Generation IV,Ghost, Dragon,150,100,120,100,120,90,680,8,OU,190,190,390,220,220
#488,Cresselia,Generation IV,Psychic, Unknown,120,70,120,75,130,85,600,14,UU,155,160,370,190,205
#489,Phione,Generation IV,Water, Unknown,80,80,80,80,80,80,480,17,RU,160,160,240,160,160
#490,Manaphy,Generation IV,Water, Unknown,100,100,100,100,100,100,600,17,UU,200,200,300,200,200
#491,Darkrai,Generation IV,Dark, Unknown,70,90,90,135,90,125,600,1,UU,215,260,250,180,225
#492,Shaymin,Generation IV,Grass, Unknown,100,100,100,100,100,100,600,9,UU,200,200,300,200,200
#493,Arceus,Generation IV,Normal, Unknown,120,120,120,120,120,120,720,12,Uber,240,240,360,240,240
#494,Victini,Generation V,Psychic, Fire,100,100,100,100,100,100,600,14,UU,200,200,300,200,200
#495,Snivy,Generation V,Grass, Unknown,45,45,55,45,55,63,308,9,NU,108,108,155,100,100
#496,Servine,Generation V,Grass, Unknown,60,60,75,60,75,83,413,9,RU,143,143,210,135,135
#497,Serperior,Generation V,Grass, Unknown,75,75,95,75,95,113,528,9,UU,188,188,265,170,170
#498,Tepig,Generation V,Fire, Unknown,65,63,45,45,45,45,308,6,NU,108,90,155,108,90
#499,Pignite,Generation V,Fire, Fighting,90,93,55,70,55,55,418,6,RU,148,125,200,148,125
#500,Emboar,Generation V,Fire, Fighting,110,123,65,100,65,65,528,6,UU,188,165,240,188,165
#501,Oshawott,Generation V,Water, Unknown,55,55,45,63,45,45,308,17,NU,100,108,145,100,108
#502,Dewott,Generation V,Water, Unknown,75,75,60,83,60,60,413,17,RU,135,143,195,135,143
#503,Samurott,Generation V,Water, Unknown,95,100,85,108,70,70,528,17,UU,170,178,250,185,178
#504,Patrat,Generation V,Normal, Unknown,45,55,39,35,39,42,255,12,LC,97,77,123,94,74
#505,Watchog,Generation V,Normal, Unknown,60,85,69,60,69,77,420,12,RU,162,137,198,154,129
#506,Lillipup,Generation V,Normal, Unknown,45,60,45,25,45,55,275,12,LC,115,80,135,105,70
#507,Herdier,Generation V,Normal, Unknown,65,80,65,35,65,60,370,12,NU,140,95,195,145,100
#508,Stoutland,Generation V,Normal, Unknown,85,100,90,45,90,80,490,12,RU,180,125,265,190,135
#509,Purrloin,Generation V,Dark, Unknown,41,50,37,50,37,66,281,1,LC,116,116,115,87,87
#510,Liepard,Generation V,Dark, Unknown,64,88,50,88,50,106,446,1,RU,194,194,164,138,138
#511,Pansage,Generation V,Grass, Unknown,50,53,48,53,48,64,316,9,NU,117,117,146,101,101
#512,Simisage,Generation V,Grass, Unknown,75,98,63,98,63,101,498,9,RU,199,199,201,161,161
#513,Pansear,Generation V,Fire, Unknown,50,53,48,53,48,64,316,6,NU,117,117,146,101,101
#514,Simisear,Generation V,Fire, Unknown,75,98,63,98,63,101,498,6,RU,199,199,201,161,161
#515,Panpour,Generation V,Water, Unknown,50,53,48,53,48,64,316,17,NU,117,117,146,101,101
#516,Simipour,Generation V,Water, Unknown,75,98,63,98,63,101,498,17,RU,199,199,201,161,161
#517,Munna,Generation V,Psychic, Unknown,76,25,45,67,55,24,292,14,LC,49,91,176,70,122
#518,Musharna,Generation V,Psychic, Unknown,116,55,85,107,95,29,487,14,RU,84,136,296,140,202
#519,Pidove,Generation V,Normal, Flying,50,55,50,36,30,43,264,12,LC,98,79,130,105,66
#520,Tranquill,Generation V,Normal, Flying,62,77,62,50,42,65,358,12,NU,142,115,166,139,92
#521,Unfezant,Generation V,Normal, Flying,80,105,80,65,55,93,478,12,RU,198,158,215,185,120
#522,Blitzle,Generation V,Electric, Unknown,45,60,32,50,32,76,295,3,LC,136,126,109,92,82
#523,Zebstrika,Generation V,Electric, Unknown,75,100,63,80,63,116,497,3,RU,216,196,201,163,143
#524,Roggenrola,Generation V,Rock, Unknown,55,75,85,25,25,15,280,15,LC,90,40,165,160,50
#525,Boldore,Generation V,Rock, Unknown,70,105,105,50,40,20,390,15,NU,125,70,215,210,90
#526,Gigalith,Generation V,Rock, Unknown,85,135,130,60,70,25,505,15,UU,160,85,285,265,130
#527,Woobat,Generation V,Psychic, Flying,55,45,43,55,43,72,313,14,NU,117,127,141,88,98
#528,Swoobat,Generation V,Psychic, Flying,67,57,55,77,55,114,425,14,RU,171,191,177,112,132
#529,Drilbur,Generation V,Ground, Unknown,60,85,40,30,45,68,328,10,NU,153,98,145,125,75
#530,Excadrill,Generation V,Ground, Steel,110,135,60,50,65,88,508,10,UU,223,138,235,195,115
#531,Audino,Generation V,Normal, Unknown,103,60,86,60,86,50,445,12,RU,110,110,275,146,146
#532,Timburr,Generation V,Fighting, Unknown,75,80,55,25,35,35,305,5,NU,115,60,165,135,60
#533,Gurdurr,Generation V,Fighting, Unknown,85,105,85,40,50,40,405,5,RU,145,80,220,190,90
#534,Conkeldurr,Generation V,Fighting, Unknown,105,140,95,55,65,45,505,5,UU,185,100,265,235,120
#535,Tympole,Generation V,Water, Unknown,50,50,40,50,40,64,294,17,LC,114,114,130,90,90
#536,Palpitoad,Generation V,Water, Ground,75,65,55,65,55,69,384,17,NU,134,134,185,120,120
#537,Seismitoad,Generation V,Water, Ground,105,85,75,85,75,74,499,17,RU,159,159,255,160,160
#538,Throh,Generation V,Fighting, Unknown,120,100,85,30,85,45,465,5,RU,145,75,290,185,115
#539,Sawk,Generation V,Fighting, Unknown,75,125,75,30,75,85,465,5,RU,210,115,225,200,105
#540,Sewaddle,Generation V,Bug, Grass,45,53,70,40,60,42,310,0,NU,95,82,175,123,100
#541,Swadloon,Generation V,Bug, Grass,55,63,90,50,80,42,380,0,NU,105,92,225,153,130
#542,Leavanny,Generation V,Bug, Grass,75,103,80,70,70,92,490,0,RU,195,162,225,183,140
#543,Venipede,Generation V,Bug, Poison,30,45,59,30,39,57,260,0,LC,102,87,128,104,69
#544,Whirlipede,Generation V,Bug, Poison,40,55,99,40,79,47,360,0,NU,102,87,218,154,119
#545,Scolipede,Generation V,Bug, Poison,60,90,89,55,69,112,475,0,RU,202,167,218,179,124
#546,Cottonee,Generation V,Grass, Fairy,40,27,60,37,50,66,280,9,LC,93,103,150,87,87
#547,Whimsicott,Generation V,Grass, Fairy,60,67,85,77,75,116,480,9,RU,183,193,220,152,152
#548,Petilil,Generation V,Grass, Unknown,45,35,50,70,50,30,280,9,LC,65,100,145,85,120
#549,Lilligant,Generation V,Grass, Unknown,70,60,75,110,75,90,480,9,RU,150,200,220,135,185
#550,Basculin,Generation V,Water, Unknown,70,92,65,80,55,98,460,17,RU,190,178,190,157,135
#551,Sandile,Generation V,Ground, Dark,50,72,35,35,35,65,292,10,LC,137,100,120,107,70
#552,Krokorok,Generation V,Ground, Dark,60,82,45,45,45,74,351,10,NU,156,119,150,127,90
#553,Krookodile,Generation V,Ground, Dark,95,117,70,65,70,92,509,10,UU,209,157,235,187,135
#554,Darumaka,Generation V,Fire, Unknown,70,90,45,15,45,50,315,6,NU,140,65,160,135,60
#555,Darmanitan,Generation V,Fire, Unknown,105,140,55,30,55,95,480,6,RU,235,125,215,195,85
#556,Maractus,Generation V,Grass, Unknown,75,86,67,106,67,60,461,9,RU,146,166,209,153,173
#557,Dwebble,Generation V,Bug, Rock,50,65,85,35,35,55,325,0,NU,120,90,170,150,70
#558,Crustle,Generation V,Bug, Rock,70,95,125,65,75,45,475,0,RU,140,110,270,220,140
#559,Scraggy,Generation V,Dark, Fighting,50,75,70,35,70,48,348,1,NU,123,83,190,145,105
#560,Scrafty,Generation V,Dark, Fighting,65,90,115,45,115,58,488,1,RU,148,103,295,205,160
#561,Sigilyph,Generation V,Psychic, Flying,72,58,80,103,80,97,490,14,RU,155,200,232,138,183
#562,Yamask,Generation V,Ghost, Unknown,38,30,85,55,65,30,303,8,NU,60,85,188,115,120
#563,Cofagrigus,Generation V,Ghost, Unknown,58,50,145,95,105,30,483,8,RU,80,125,308,195,200
#564,Tirtouga,Generation V,Water, Rock,54,78,103,53,45,22,355,17,NU,100,75,202,181,98
#565,Carracosta,Generation V,Water, Rock,74,108,133,83,65,32,495,17,RU,140,115,272,241,148
#566,Archen,Generation V,Rock, Flying,55,112,45,74,45,70,401,15,RU,182,144,145,157,119
#567,Archeops,Generation V,Rock, Flying,75,140,65,112,65,110,567,15,UU,250,222,205,205,177
#568,Trubbish,Generation V,Poison, Unknown,50,50,62,40,62,65,329,13,NU,115,105,174,112,102
#569,Garbodor,Generation V,Poison, Unknown,80,95,82,60,82,75,474,13,RU,170,135,244,177,142
#570,Zorua,Generation V,Dark, Unknown,40,65,40,80,40,65,330,1,NU,130,145,120,105,120
#571,Zoroark,Generation V,Dark, Unknown,60,105,60,120,60,105,510,1,UU,210,225,180,165,180
#572,Minccino,Generation V,Normal, Unknown,55,50,40,40,40,75,300,12,LC,125,115,135,90,80
#573,Cinccino,Generation V,Normal, Unknown,75,95,60,65,60,115,470,12,RU,210,180,195,155,125
#574,Gothita,Generation V,Psychic, Unknown,45,30,50,55,65,45,290,14,LC,75,100,160,80,120
#575,Gothorita,Generation V,Psychic, Unknown,60,45,70,75,85,55,390,14,NU,100,130,215,115,160
#576,Gothitelle,Generation V,Psychic, Unknown,70,55,95,95,110,65,490,14,RU,120,160,275,150,205
#577,Solosis,Generation V,Psychic, Unknown,45,30,40,105,50,20,290,14,LC,50,125,135,70,155
#578,Duosion,Generation V,Psychic, Unknown,65,40,50,125,60,30,370,14,NU,70,155,175,90,185
#579,Reuniclus,Generation V,Psychic, Unknown,110,65,75,125,85,30,490,14,RU,95,155,270,140,210
#580,Ducklett,Generation V,Water, Flying,62,44,50,44,50,55,305,17,NU,99,99,162,94,94
#581,Swanna,Generation V,Water, Flying,75,87,63,87,63,98,473,17,RU,185,185,201,150,150
#582,Vanillite,Generation V,Ice, Unknown,36,50,50,65,60,44,305,11,NU,94,109,146,100,125
#583,Vanillish,Generation V,Ice, Unknown,51,65,65,80,75,59,395,11,NU,124,139,191,130,155
#584,Vanilluxe,Generation V,Ice, Unknown,71,95,85,110,95,79,535,11,UU,174,189,251,180,205
#585,Deerling,Generation V,Normal, Grass,60,60,50,40,50,75,335,12,NU,135,115,160,110,90
#586,Sawsbuck,Generation V,Normal, Grass,80,100,70,60,70,95,475,12,RU,195,155,220,170,130
#587,Emolga,Generation V,Electric, Flying,55,75,60,75,60,103,428,3,RU,178,178,175,135,135
#588,Karrablast,Generation V,Bug, Unknown,50,75,45,40,45,60,315,0,NU,135,100,140,120,85
#589,Escavalier,Generation V,Bug, Steel,70,135,105,60,105,20,495,0,RU,155,80,280,240,165
#590,Foongus,Generation V,Grass, Poison,69,55,45,55,55,15,294,9,LC,70,70,169,100,110
#591,Amoonguss,Generation V,Grass, Poison,114,85,70,85,80,30,464,9,RU,115,115,264,155,165
#592,Frillish,Generation V,Water, Ghost,55,40,50,65,85,40,335,17,NU,80,105,190,90,150
#593,Jellicent,Generation V,Water, Ghost,100,60,70,85,105,60,480,17,RU,120,145,275,130,190
#594,Alomomola,Generation V,Water, Unknown,165,75,80,40,45,65,470,17,RU,140,105,290,155,85
#595,Joltik,Generation V,Bug, Electric,50,47,50,57,50,65,319,0,NU,112,122,150,97,107
#596,Galvantula,Generation V,Bug, Electric,70,77,60,97,60,108,472,0,RU,185,205,190,137,157
#597,Ferroseed,Generation V,Grass, Steel,44,50,91,24,86,10,305,9,NU,60,34,221,141,110
#598,Ferrothorn,Generation V,Grass, Steel,74,94,131,54,116,20,489,9,RU,114,74,321,225,170
#599,Klink,Generation V,Steel, Unknown,40,55,70,45,60,30,300,16,LC,85,75,170,125,105
#600,Klang,Generation V,Steel, Unknown,60,80,95,70,85,50,440,16,RU,130,120,240,175,155
#601,Klinklang,Generation V,Steel, Unknown,60,100,115,70,85,90,520,16,UU,190,160,260,215,155
#602,Tynamo,Generation V,Electric, Unknown,35,55,40,45,40,60,275,3,LC,115,105,115,95,85
#603,Eelektrik,Generation V,Electric, Unknown,65,85,70,75,70,40,405,3,RU,125,115,205,155,145
#604,Eelektross,Generation V,Electric, Unknown,85,115,80,105,80,50,515,3,UU,165,155,245,195,185
#605,Elgyem,Generation V,Psychic, Unknown,55,55,55,85,55,30,335,14,NU,85,115,165,110,140
#606,Beheeyem,Generation V,Psychic, Unknown,75,75,75,125,95,40,485,14,RU,115,165,245,150,220
#607,Litwick,Generation V,Ghost, Fire,50,30,55,65,55,20,275,8,LC,50,85,160,85,120
#608,Lampent,Generation V,Ghost, Fire,60,40,60,95,60,55,370,8,NU,95,150,180,100,155
#609,Chandelure,Generation V,Ghost, Fire,60,55,90,145,90,80,520,8,UU,135,225,240,145,235
#610,Axew,Generation V,Dragon, Unknown,46,87,60,30,40,57,320,2,NU,144,87,146,147,70
#611,Fraxure,Generation V,Dragon, Unknown,66,117,70,40,50,67,410,2,RU,184,107,186,187,90
#612,Haxorus,Generation V,Dragon, Unknown,76,147,90,60,70,97,540,2,UU,244,157,236,237,130
#613,Cubchoo,Generation V,Ice, Unknown,55,70,40,60,40,40,305,11,NU,110,100,135,110,100
#614,Beartic,Generation V,Ice, Unknown,95,110,80,70,80,50,485,11,RU,160,120,255,190,150
#615,Cryogonal,Generation V,Ice, Unknown,70,50,30,95,135,105,485,11,RU,155,200,235,80,230
#616,Shelmet,Generation V,Bug, Unknown,50,40,85,40,65,25,305,0,NU,65,65,200,125,105
#617,Accelgor,Generation V,Bug, Unknown,80,70,40,100,60,145,495,0,RU,215,245,180,110,160
#618,Stunfisk,Generation V,Ground, Electric,109,66,84,81,99,32,471,10,RU,98,113,292,150,180
#619,Mienfoo,Generation V,Fighting, Unknown,45,85,50,55,50,65,350,5,NU,150,120,145,135,105
#620,Mienshao,Generation V,Fighting, Unknown,65,125,60,95,60,105,510,5,UU,230,200,185,185,155
#621,Druddigon,Generation V,Dragon, Unknown,77,120,90,60,90,48,485,2,RU,168,108,257,210,150
#622,Golett,Generation V,Ground, Ghost,59,74,50,35,50,35,303,10,NU,109,70,159,124,85
#623,Golurk,Generation V,Ground, Ghost,89,124,80,55,80,55,483,10,RU,179,110,249,204,135
#624,Pawniard,Generation V,Dark, Steel,45,85,70,40,40,60,340,1,NU,145,100,155,155,80
#625,Bisharp,Generation V,Dark, Steel,65,125,100,60,70,70,490,1,RU,195,130,235,225,130
#626,Bouffalant,Generation V,Normal, Unknown,95,110,95,40,95,55,490,12,RU,165,95,285,205,135
#627,Rufflet,Generation V,Normal, Flying,70,83,50,37,50,60,350,12,NU,143,97,170,133,87
#628,Braviary,Generation V,Normal, Flying,100,123,75,57,75,80,510,12,UU,203,137,250,198,132
#629,Vullaby,Generation V,Dark, Flying,70,55,75,45,65,60,370,1,NU,115,105,210,130,110
#630,Mandibuzz,Generation V,Dark, Flying,110,65,105,55,95,80,510,1,UU,145,135,310,170,150
#631,Heatmor,Generation V,Fire, Unknown,85,97,66,105,66,65,484,6,RU,162,170,217,163,171
#632,Durant,Generation V,Bug, Steel,58,109,112,48,48,109,484,0,RU,218,157,218,221,96
#633,Deino,Generation V,Dark, Dragon,52,65,50,45,50,38,300,1,LC,103,83,152,115,95
#634,Zweilous,Generation V,Dark, Dragon,72,85,70,65,70,58,420,1,RU,143,123,212,155,135
#635,Hydreigon,Generation V,Dark, Dragon,92,105,90,125,90,98,600,1,UU,203,223,272,195,215
#636,Larvesta,Generation V,Bug, Fire,55,85,55,50,55,60,360,0,NU,145,110,165,140,105
#637,Volcarona,Generation V,Bug, Fire,85,60,65,135,105,100,550,0,UU,160,235,255,125,240
#638,Cobalion,Generation V,Steel, Fighting,91,90,129,90,72,108,580,16,UU,198,198,292,219,162
#639,Terrakion,Generation V,Rock, Fighting,91,129,90,72,90,108,580,15,UU,237,180,271,219,162
#640,Virizion,Generation V,Grass, Fighting,91,90,72,90,129,108,580,9,UU,198,198,292,162,219
#641,Tornadus,Generation V,Flying, Unknown,79,115,70,125,80,111,580,7,UU,226,236,229,185,205
#642,Thundurus,Generation V,Electric, Flying,79,115,70,125,80,111,580,3,UU,226,236,229,185,205
#643,Reshiram,Generation V,Dragon, Fire,100,120,100,150,120,90,680,2,OU,210,240,320,220,270
#644,Zekrom,Generation V,Dragon, Electric,100,150,120,120,100,90,680,2,OU,240,210,320,270,220
#645,Landorus,Generation V,Ground, Flying,89,125,90,115,80,101,600,10,UU,226,216,259,215,195
#646,Kyurem,Generation V,Dragon, Ice,125,130,90,130,90,95,660,2,OU,225,225,305,220,220
#647,Keldeo,Generation V,Water, Fighting,91,72,90,129,90,108,580,17,UU,180,237,271,162,219
#648,Meloetta,Generation V,Normal, Psychic,100,77,77,128,128,90,600,12,UU,167,218,305,154,256
#649,Genesect,Generation V,Bug, Steel,71,120,95,120,95,99,600,0,UU,219,219,261,215,215
#650,Chespin,Generation VI,Grass, Unknown,56,61,65,48,45,38,313,9,NU,99,86,166,126,93
#651,Quilladin,Generation VI,Grass, Unknown,61,78,95,56,58,57,405,9,RU,135,113,214,173,114
#652,Chesnaught,Generation VI,Grass, Fighting,88,107,122,74,75,64,530,9,UU,171,138,285,229,149
#653,Fennekin,Generation VI,Fire, Unknown,40,45,40,62,60,60,307,6,NU,105,122,140,85,122
#654,Braixen,Generation VI,Fire, Unknown,59,59,58,90,70,73,409,6,RU,132,163,187,117,160
#655,Delphox,Generation VI,Fire, Psychic,75,69,72,114,100,104,534,6,UU,173,218,247,141,214
#656,Froakie,Generation VI,Water, Unknown,41,56,40,62,44,71,314,17,NU,127,133,125,96,106
#657,Frogadier,Generation VI,Water, Unknown,54,63,52,83,56,97,405,17,RU,160,180,162,115,139
#658,Greninja,Generation VI,Water, Dark,72,95,67,103,71,122,530,17,UU,217,225,210,162,174
#659,Bunnelby,Generation VI,Normal, Unknown,38,36,38,32,36,57,237,12,LC,93,89,112,74,68
#660,Diggersby,Generation VI,Normal, Ground,85,56,77,50,77,78,423,12,RU,134,128,239,133,127
#661,Fletchling,Generation VI,Normal, Flying,45,50,43,40,38,62,278,12,LC,112,102,126,93,78
#662,Fletchinder,Generation VI,Fire, Flying,62,73,55,56,52,84,382,6,NU,157,140,169,128,108
#663,Talonflame,Generation VI,Fire, Flying,78,81,71,74,69,126,499,6,RU,207,200,218,152,143
#664,Scatterbug,Generation VI,Bug, Unknown,38,35,40,27,25,35,200,0,LC,70,62,103,75,52
#665,Spewpa,Generation VI,Bug, Unknown,45,22,60,27,30,29,213,0,LC,51,56,135,82,57
#666,Vivillon,Generation VI,Bug, Flying,80,52,50,90,50,89,411,0,RU,141,179,180,102,140
#667,Litleo,Generation VI,Fire, Normal,62,50,58,73,54,72,369,6,NU,122,145,174,108,127
#668,Pyroar,Generation VI,Fire, Normal,86,68,72,109,66,106,507,6,UU,174,215,224,140,175
#669,Flabébé,Generation VI,Fairy, Unknown,44,38,39,61,79,42,303,4,NU,80,103,162,77,140
#670,Floette,Generation VI,Fairy, Unknown,54,45,47,75,98,52,371,4,NU,97,127,199,92,173
#671,Florges,Generation VI,Fairy, Unknown,78,65,68,112,154,75,552,4,UU,140,187,300,133,266
#672,Skiddo,Generation VI,Grass, Unknown,66,65,48,62,57,52,350,9,NU,117,114,171,113,119
#673,Gogoat,Generation VI,Grass, Unknown,123,100,62,97,81,68,531,9,UU,168,165,266,162,178
#674,Pancham,Generation VI,Fighting, Unknown,67,82,62,46,48,43,348,5,NU,125,89,177,144,94
#675,Pangoro,Generation VI,Fighting, Dark,95,124,78,69,71,58,495,5,RU,182,127,244,202,140
#676,Furfrou,Generation VI,Normal, Unknown,75,80,60,65,90,102,472,12,RU,182,167,225,140,155
#677,Espurr,Generation VI,Psychic, Unknown,62,48,54,63,60,68,355,14,NU,116,131,176,102,123
#678,Meowstic,Generation VI,Psychic, Unknown,74,48,76,83,81,104,466,14,RU,152,187,231,124,164
#679,Honedge,Generation VI,Steel, Ghost,45,80,100,35,37,28,325,16,NU,108,63,182,180,72
#680,Doublade,Generation VI,Steel, Ghost,59,110,150,45,49,35,448,16,RU,145,80,258,260,94
#681,Aegislash,Generation VI,Steel, Ghost,60,50,150,50,150,60,520,16,UU,110,110,360,200,200
#682,Spritzee,Generation VI,Fairy, Unknown,78,52,60,63,65,23,341,4,NU,75,86,203,112,128
#683,Aromatisse,Generation VI,Fairy, Unknown,101,72,72,99,89,29,462,4,RU,101,128,262,144,188
#684,Swirlix,Generation VI,Fairy, Unknown,62,48,66,59,57,49,341,4,NU,97,108,185,114,116
#685,Slurpuff,Generation VI,Fairy, Unknown,82,80,86,85,75,72,480,4,RU,152,157,243,166,160
#686,Inkay,Generation VI,Dark, Psychic,53,54,53,37,46,45,288,1,LC,99,82,152,107,83
#687,Malamar,Generation VI,Dark, Psychic,86,92,88,68,75,73,482,1,RU,165,141,249,180,143
#688,Binacle,Generation VI,Rock, Water,42,52,67,39,56,50,306,15,NU,102,89,165,119,95
#689,Barbaracle,Generation VI,Rock, Water,72,105,115,54,86,68,500,15,RU,173,122,273,220,140
#690,Skrelp,Generation VI,Poison, Water,50,60,60,60,60,30,320,13,NU,90,90,170,120,120
#691,Dragalge,Generation VI,Poison, Dragon,65,75,90,97,123,44,494,13,RU,119,141,278,165,220
#692,Clauncher,Generation VI,Water, Unknown,50,53,62,58,63,44,330,17,NU,97,102,175,115,121
#693,Clawitzer,Generation VI,Water, Unknown,71,73,88,120,89,59,500,17,RU,132,179,248,161,209
#694,Helioptile,Generation VI,Electric, Normal,44,38,33,61,43,70,289,3,LC,108,131,120,71,104
#695,Heliolisk,Generation VI,Electric, Normal,62,55,52,109,94,109,481,3,RU,164,218,208,107,203
#696,Tyrunt,Generation VI,Rock, Dragon,58,89,77,45,45,48,362,15,NU,137,93,180,166,90
#697,Tyrantrum,Generation VI,Rock, Dragon,82,121,119,69,59,71,521,15,UU,192,140,260,240,128
#698,Amaura,Generation VI,Rock, Ice,77,59,50,67,63,46,362,15,NU,105,113,190,109,130
#699,Aurorus,Generation VI,Rock, Ice,123,77,72,99,92,58,521,15,UU,135,157,287,149,191
#700,Sylveon,Generation VI,Fairy, Unknown,95,65,65,110,130,60,525,4,UU,125,170,290,130,240
#701,Hawlucha,Generation VI,Fighting, Flying,78,92,75,74,63,118,500,5,RU,210,192,216,167,137
#702,Dedenne,Generation VI,Electric, Fairy,67,58,57,81,67,101,431,3,RU,159,182,191,115,148
#703,Carbink,Generation VI,Rock, Fairy,50,50,150,50,150,50,500,15,RU,100,100,350,200,200
#704,Goomy,Generation VI,Dragon, Unknown,45,50,35,55,75,40,300,2,LC,90,95,155,85,130
#705,Sliggoo,Generation VI,Dragon, Unknown,68,75,53,83,113,60,452,2,RU,135,143,234,128,196
#706,Goodra,Generation VI,Dragon, Unknown,90,100,70,110,150,80,600,2,UU,180,190,310,170,260
#707,Klefki,Generation VI,Steel, Fairy,57,80,91,80,87,75,470,16,RU,155,155,235,171,167
#708,Phantump,Generation VI,Ghost, Grass,43,70,48,50,60,38,309,8,NU,108,88,151,118,110
#709,Trevenant,Generation VI,Ghost, Grass,85,110,76,65,82,56,474,8,RU,166,121,243,186,147
#710,Pumpkaboo,Generation VI,Ghost, Grass,44,66,70,44,55,56,335,8,NU,122,100,169,136,99
#711,Gourgeist,Generation VI,Ghost, Grass,55,85,122,58,75,99,494,8,RU,184,157,252,207,133
#712,Bergmite,Generation VI,Ice, Unknown,55,69,85,32,35,28,304,11,NU,97,60,175,154,67
#713,Avalugg,Generation VI,Ice, Unknown,95,117,184,44,46,28,514,11,UU,145,72,325,301,90
#714,Noibat,Generation VI,Flying, Dragon,40,30,35,45,40,55,245,7,LC,85,100,115,65,85
#715,Noivern,Generation VI,Flying, Dragon,85,70,80,97,80,123,535,7,UU,193,220,245,150,177
#716,Xerneas,Generation VI,Fairy, Unknown,126,131,95,131,98,99,680,4,OU,230,230,319,226,229
#717,Yveltal,Generation VI,Dark, Flying,126,131,95,131,98,99,680,1,OU,230,230,319,226,229
#718,Zygarde,Generation VI,Dragon, Ground,108,100,121,81,95,95,600,2,UU,195,176,324,221,176
#719,Diancie,Generation VI,Rock, Fairy,50,100,150,100,150,50,600,15,UU,150,150,350,250,250
#720,Hoopa,Generation VI,Psychic, Ghost,80,110,60,150,130,70,600,14,UU,180,220,270,170,280
#721,Volcanion,Generation VI,Fire, Water,80,110,120,130,90,70,600,6,UU,180,200,290,230,220
#722,Rowlet,Generation VII,Grass, Flying,68,55,55,50,50,42,320,9,NU,97,92,173,110,100
#723,Dartrix,Generation VII,Grass, Flying,78,75,75,70,70,52,420,9,RU,127,122,223,150,140
#724,Decidueye,Generation VII,Grass, Ghost,78,107,75,100,100,70,530,9,UU,177,170,253,182,200
#725,Litten,Generation VII,Fire, Unknown,45,65,40,60,40,70,320,6,NU,135,130,125,105,100
#726,Torracat,Generation VII,Fire, Unknown,65,85,50,80,50,90,420,6,RU,175,170,165,135,130
#727,Incineroar,Generation VII,Fire, Dark,95,115,90,80,90,60,530,6,UU,175,140,275,205,170
#728,Popplio,Generation VII,Water, Unknown,50,54,54,66,56,40,320,17,NU,94,106,160,108,122
#729,Brionne,Generation VII,Water, Unknown,60,69,69,91,81,50,420,17,RU,119,141,210,138,172
#730,Primarina,Generation VII,Water, Fairy,80,74,74,126,116,60,530,17,UU,134,186,270,148,242
#731,Pikipek,Generation VII,Normal, Flying,35,75,30,30,30,65,265,12,LC,140,95,95,105,60
#732,Trumbeak,Generation VII,Normal, Flying,55,85,50,40,50,75,355,12,NU,160,115,155,135,90
#733,Toucannon,Generation VII,Normal, Flying,80,120,75,75,75,60,485,12,RU,180,135,230,195,150
#734,Yungoos,Generation VII,Normal, Unknown,48,70,30,30,30,45,253,12,LC,115,75,108,100,60
#735,Gumshoos,Generation VII,Normal, Unknown,88,110,60,55,60,45,418,12,RU,155,100,208,170,115
#736,Grubbin,Generation VII,Bug, Unknown,47,62,45,55,45,46,300,0,LC,108,101,137,107,100
#737,Charjabug,Generation VII,Bug, Electric,57,82,95,55,75,36,400,0,NU,118,91,227,177,130
#738,Vikavolt,Generation VII,Bug, Electric,77,70,90,145,75,43,500,0,RU,113,188,242,160,220
#739,Crabrawler,Generation VII,Fighting, Unknown,47,82,57,42,47,63,338,5,NU,145,105,151,139,89
#740,Crabominable,Generation VII,Fighting, Ice,97,132,77,62,67,43,478,5,RU,175,105,241,209,129
#741,Oricorio,Generation VII,Fire, Flying,75,70,70,98,70,93,476,6,RU,163,191,215,140,168
#742,Cutiefly,Generation VII,Bug, Fairy,40,45,40,55,40,84,304,0,NU,129,139,120,85,95
#743,Ribombee,Generation VII,Bug, Fairy,60,55,60,95,70,124,464,0,RU,179,219,190,115,165
#744,Rockruff,Generation VII,Rock, Unknown,45,65,40,30,40,60,280,15,LC,125,90,125,105,70
#745,Lycanroc,Generation VII,Rock, Unknown,75,115,65,55,65,112,487,15,RU,227,167,205,180,120
#746,Wishiwashi,Generation VII,Water, Unknown,45,20,20,25,25,40,175,17,LC,60,65,90,40,50
#747,Mareanie,Generation VII,Poison, Water,50,53,62,43,52,45,305,13,NU,98,88,164,115,95
#748,Toxapex,Generation VII,Poison, Water,50,63,152,53,142,35,495,13,RU,98,88,344,215,195
#749,Mudbray,Generation VII,Ground, Unknown,70,100,70,45,55,45,385,10,NU,145,90,195,170,100
#750,Mudsdale,Generation VII,Ground, Unknown,100,125,100,55,85,35,500,10,RU,160,90,285,225,140
#751,Dewpider,Generation VII,Water, Bug,38,40,52,40,72,27,269,17,LC,67,67,162,92,112
#752,Araquanid,Generation VII,Water, Bug,68,70,92,50,132,42,454,17,RU,112,92,292,162,182
#753,Fomantis,Generation VII,Grass, Unknown,40,55,35,50,35,35,250,9,LC,90,85,110,90,85
#754,Lurantis,Generation VII,Grass, Unknown,70,105,90,80,90,45,480,9,RU,150,125,250,195,170
#755,Morelull,Generation VII,Grass, Fairy,40,35,55,65,75,15,285,9,LC,50,80,170,90,140
#756,Shiinotic,Generation VII,Grass, Fairy,60,45,80,90,100,30,405,9,RU,75,120,240,125,190
#757,Salandit,Generation VII,Poison, Fire,48,44,40,71,40,77,320,13,NU,121,148,128,84,111
#758,Salazzle,Generation VII,Poison, Fire,68,64,60,111,60,117,480,13,RU,181,228,188,124,171
#759,Stufful,Generation VII,Normal, Fighting,70,75,50,45,50,50,340,12,NU,125,95,170,125,95
#760,Bewear,Generation VII,Normal, Fighting,120,125,80,55,60,60,500,12,RU,185,115,260,205,115
#761,Bounsweet,Generation VII,Grass, Unknown,42,30,38,30,38,32,210,9,LC,62,62,118,68,68
#762,Steenee,Generation VII,Grass, Unknown,52,40,48,40,48,62,290,9,LC,102,102,148,88,88
#763,Tsareena,Generation VII,Grass, Unknown,72,120,98,50,98,72,510,9,UU,192,122,268,218,148
#764,Comfey,Generation VII,Fairy, Unknown,51,52,90,82,110,100,485,4,RU,152,182,251,142,192
#765,Oranguru,Generation VII,Normal, Psychic,90,60,80,90,110,60,490,12,RU,120,150,280,140,200
#766,Passimian,Generation VII,Fighting, Unknown,100,120,90,40,60,80,490,5,RU,200,120,250,210,100
#767,Wimpod,Generation VII,Bug, Water,25,35,40,20,30,80,230,0,LC,115,100,95,75,50
#768,Golisopod,Generation VII,Bug, Water,75,125,140,60,90,40,530,0,UU,165,100,305,265,150
#769,Sandygast,Generation VII,Ghost, Ground,55,55,80,70,45,15,320,8,NU,70,85,180,135,115
#770,Palossand,Generation VII,Ghost, Ground,85,75,110,100,75,35,480,8,RU,110,135,270,185,175
#771,Pyukumuku,Generation VII,Water, Unknown,55,60,130,30,130,5,410,17,RU,65,35,315,190,160
#772,Type: Null,Generation VII,Normal, Unknown,95,95,95,95,95,59,534,12,UU,154,154,285,190,190
#773,Silvally,Generation VII,Normal, Unknown,95,95,95,95,95,95,570,12,UU,190,190,285,190,190
#774,Minior,Generation VII,Rock, Flying,60,60,100,60,100,60,440,15,RU,120,120,260,160,160
#775,Komala,Generation VII,Normal, Unknown,65,115,65,75,95,65,480,12,RU,180,140,225,180,170
#776,Turtonator,Generation VII,Fire, Dragon,60,78,135,91,85,36,485,6,RU,114,127,280,213,176
#777,Togedemaru,Generation VII,Electric, Steel,65,98,63,40,73,96,435,3,RU,194,136,201,161,113
#778,Mimikyu,Generation VII,Ghost, Fairy,55,90,80,50,105,96,476,8,RU,186,146,240,170,155
#779,Bruxish,Generation VII,Water, Psychic,68,105,70,70,70,92,475,17,RU,197,162,208,175,140
#780,Drampa,Generation VII,Normal, Dragon,78,60,85,135,91,36,485,12,RU,96,171,254,145,226
#781,Dhelmise,Generation VII,Ghost, Grass,70,131,100,86,90,40,517,8,UU,171,126,260,231,176
#782,Jangmo-o,Generation VII,Dragon, Unknown,45,55,65,45,45,45,300,2,LC,100,90,155,120,90
#783,Hakamo-o,Generation VII,Dragon, Fighting,55,75,90,65,70,65,420,2,RU,140,130,215,165,135
#784,Kommo-o,Generation VII,Dragon, Fighting,75,110,125,100,105,85,600,2,UU,195,185,305,235,205
#785,Tapu Koko,Generation VII,Electric, Fairy,70,115,85,95,75,130,570,3,UU,245,225,230,200,170
#786,Tapu Lele,Generation VII,Psychic, Fairy,70,85,75,130,115,95,570,14,UU,180,225,260,160,245
#787,Tapu Bulu,Generation VII,Grass, Fairy,70,130,115,85,95,75,570,9,UU,205,160,280,245,180
#788,Tapu Fini,Generation VII,Water, Fairy,70,75,115,95,130,85,570,17,UU,160,180,315,190,225
#789,Cosmog,Generation VII,Psychic, Unknown,43,29,31,29,31,37,200,14,LC,66,66,105,60,60
#790,Cosmoem,Generation VII,Psychic, Unknown,43,29,131,29,131,37,400,14,NU,66,66,305,160,160
#791,Solgaleo,Generation VII,Psychic, Steel,137,137,107,113,89,97,680,14,OU,234,210,333,244,202
#792,Lunala,Generation VII,Psychic, Ghost,137,113,89,137,107,97,680,14,OU,210,234,333,202,244
#793,Nihilego,Generation VII,Rock, Poison,109,53,47,127,131,103,570,15,UU,156,230,287,100,258
#794,Buzzwole,Generation VII,Bug, Fighting,107,139,139,53,53,79,570,0,UU,218,132,299,278,106
#795,Pheromosa,Generation VII,Bug, Fighting,71,137,37,137,37,151,570,0,UU,288,288,145,174,174
#796,Xurkitree,Generation VII,Electric, Unknown,83,89,71,173,71,83,570,3,UU,172,256,225,160,244
#797,Celesteela,Generation VII,Steel, Flying,97,101,103,107,101,61,570,16,UU,162,168,301,204,208
#798,Kartana,Generation VII,Grass, Steel,59,181,131,59,31,109,570,9,UU,290,168,221,312,90
#799,Guzzlord,Generation VII,Dark, Dragon,223,101,53,97,53,43,570,1,UU,144,140,329,154,150
#800,Necrozma,Generation VII,Psychic, Unknown,97,107,101,127,89,79,600,14,UU,186,206,287,208,216
#801,Magearna,Generation VII,Steel, Fairy,80,95,115,130,115,65,600,16,UU,160,195,310,210,245
#802,Marshadow,Generation VII,Fighting, Ghost,90,125,80,90,90,125,600,5,UU,250,215,260,205,180
#803,Poipole,Generation VII,Poison, Unknown,67,73,67,73,67,73,420,13,RU,146,146,201,140,140
#804,Naganadel,Generation VII,Poison, Dragon,73,73,73,127,73,121,540,13,UU,194,248,219,146,200
#805,Stakataka,Generation VII,Rock, Steel,61,131,211,53,101,13,570,15,UU,144,66,373,342,154
#806,Blacephalon,Generation VII,Fire, Ghost,53,127,53,151,79,107,570,6,UU,234,258,185,180,230
#807,Zeraora,Generation VII,Electric, Unknown,88,112,75,102,80,143,600,3,UU,255,245,243,187,182
#808,Meltan,Generation VII,Steel, Unknown,46,65,65,55,35,34,300,16,LC,99,89,146,130,90
#809,Melmetal,Generation VII,Steel, Unknown,135,143,143,80,65,34,600,16,UU,177,114,343,286,145
#810,Grookey,Generation VIII,Grass, Unknown,50,65,50,40,40,65,310,9,NU,130,105,140,115,80
#811,Thwackey,Generation VIII,Grass, Unknown,70,85,70,55,60,80,420,9,RU,165,135,200,155,115
#812,Rillaboom,Generation VIII,Grass, Unknown,100,125,90,60,70,85,530,9,UU,210,145,260,215,130
#813,Scorbunny,Generation VIII,Fire, Unknown,50,71,40,40,40,69,310,6,NU,140,109,130,111,80
#814,Raboot,Generation VIII,Fire, Unknown,65,86,60,55,60,94,420,6,RU,180,149,185,146,115
#815,Cinderace,Generation VIII,Fire, Unknown,80,116,75,65,75,119,530,6,UU,235,184,230,191,140
#816,Sobble,Generation VIII,Water, Unknown,50,40,40,70,40,70,310,17,NU,110,140,130,80,110
#817,Drizzile,Generation VIII,Water, Unknown,65,60,55,95,55,90,420,17,RU,150,185,175,115,150
#818,Inteleon,Generation VIII,Water, Unknown,70,85,65,125,65,120,530,17,UU,205,245,200,150,190
#819,Skwovet,Generation VIII,Normal, Unknown,70,55,55,35,35,25,275,12,LC,80,60,160,110,70
#820,Greedent,Generation VIII,Normal, Unknown,120,95,95,55,75,20,460,12,RU,115,75,290,190,130
#821,Rookidee,Generation VIII,Flying, Unknown,38,47,35,33,35,57,245,7,LC,104,90,108,82,68
#822,Corvisquire,Generation VIII,Flying, Unknown,68,67,55,43,55,77,365,7,NU,144,120,178,122,98
#823,Corviknight,Generation VIII,Flying, Steel,98,87,105,53,85,67,495,7,RU,154,120,288,192,138
#824,Blipbug,Generation VIII,Bug, Unknown,25,20,20,25,45,45,180,0,LC,65,70,90,40,70
#825,Dottler,Generation VIII,Bug, Psychic,50,35,80,50,90,30,335,0,NU,65,80,220,115,140
#826,Orbeetle,Generation VIII,Bug, Psychic,60,45,110,80,120,90,505,0,UU,135,170,290,155,200
#827,Nickit,Generation VIII,Dark, Unknown,40,28,28,47,52,50,245,1,LC,78,97,120,56,99
#828,Thievul,Generation VIII,Dark, Unknown,70,58,58,87,92,90,455,1,RU,148,177,220,116,179
#829,Gossifleur,Generation VIII,Grass, Unknown,40,40,60,40,60,10,250,9,LC,50,50,160,100,100
#830,Eldegoss,Generation VIII,Grass, Unknown,60,50,90,80,120,60,460,9,RU,110,140,270,140,200
#831,Wooloo,Generation VIII,Normal, Unknown,42,40,55,40,45,48,270,12,LC,88,88,142,95,85
#832,Dubwool,Generation VIII,Normal, Unknown,72,80,100,60,90,88,490,12,RU,168,148,262,180,150
#833,Chewtle,Generation VIII,Water, Unknown,50,64,50,38,38,44,284,17,LC,108,82,138,114,76
#834,Drednaw,Generation VIII,Water, Rock,90,115,90,48,68,74,485,17,RU,189,122,248,205,116
#835,Yamper,Generation VIII,Electric, Unknown,59,45,50,40,50,26,270,3,LC,71,66,159,95,90
#836,Boltund,Generation VIII,Electric, Unknown,69,90,60,90,60,121,490,3,RU,211,211,189,150,150
#837,Rolycoly,Generation VIII,Rock, Unknown,30,40,50,40,50,30,240,15,LC,70,70,130,90,90
#838,Carkol,Generation VIII,Rock, Fire,80,60,90,60,70,50,410,15,RU,110,110,240,150,130
#839,Coalossal,Generation VIII,Rock, Fire,110,80,120,80,90,30,510,15,UU,110,110,320,200,170
#840,Applin,Generation VIII,Grass, Dragon,40,40,80,40,40,20,260,9,LC,60,60,160,120,80
#841,Flapple,Generation VIII,Grass, Dragon,70,110,80,95,60,70,485,9,RU,180,165,210,190,155
#842,Appletun,Generation VIII,Grass, Dragon,110,85,80,100,80,30,485,9,RU,115,130,270,165,180
#843,Silicobra,Generation VIII,Ground, Unknown,52,57,75,35,50,46,315,10,NU,103,81,177,132,85
#844,Sandaconda,Generation VIII,Ground, Unknown,72,107,125,65,70,71,510,10,UU,178,136,267,232,135
#845,Cramorant,Generation VIII,Flying, Water,70,85,55,85,95,85,475,7,RU,170,170,220,140,180
#846,Arrokuda,Generation VIII,Water, Unknown,41,63,40,40,30,66,280,17,LC,129,106,111,103,70
#847,Barraskewda,Generation VIII,Water, Unknown,61,123,60,60,50,136,490,17,RU,259,196,171,183,110
#848,Toxel,Generation VIII,Electric, Poison,40,38,35,54,35,40,242,3,LC,78,94,110,73,89
#849,Toxtricity,Generation VIII,Electric, Poison,75,98,70,114,70,75,502,3,UU,173,189,215,168,184
#850,Sizzlipede,Generation VIII,Fire, Bug,50,65,45,50,50,45,305,6,NU,110,95,145,110,100
#851,Centiskorch,Generation VIII,Fire, Bug,100,115,65,90,90,65,525,6,UU,180,155,255,180,180
#852,Clobbopus,Generation VIII,Fighting, Unknown,50,68,60,50,50,32,310,5,NU,100,82,160,128,100
#853,Grapploct,Generation VIII,Fighting, Unknown,80,118,90,70,80,42,480,5,RU,160,112,250,208,150
#854,Sinistea,Generation VIII,Ghost, Unknown,40,45,45,74,54,50,308,8,NU,95,124,139,90,128
#855,Polteageist,Generation VIII,Ghost, Unknown,60,65,65,134,114,70,508,8,UU,135,204,239,130,248
#856,Hatenna,Generation VIII,Psychic, Unknown,42,30,45,56,53,39,265,14,LC,69,95,140,75,109
#857,Hattrem,Generation VIII,Psychic, Unknown,57,40,65,86,73,49,370,14,NU,89,135,195,105,159
#858,Hatterene,Generation VIII,Psychic, Fairy,57,90,95,136,103,29,510,14,UU,119,165,255,185,239
#859,Impidimp,Generation VIII,Dark, Fairy,45,45,30,55,40,50,265,1,LC,95,105,115,75,95
#860,Morgrem,Generation VIII,Dark, Fairy,65,60,45,75,55,70,370,1,NU,130,145,165,105,130
#861,Grimmsnarl,Generation VIII,Dark, Fairy,95,120,65,95,75,60,510,1,UU,180,155,235,185,170
#862,Obstagoon,Generation VIII,Dark, Normal,93,90,101,60,81,95,520,1,UU,185,155,275,191,141
#863,Perrserker,Generation VIII,Steel, Unknown,70,110,100,50,60,50,440,16,RU,160,100,230,210,110
#864,Cursola,Generation VIII,Ghost, Unknown,60,95,50,145,130,30,510,8,UU,125,175,240,145,275
#865,Sirfetch'd,Generation VIII,Fighting, Unknown,62,135,95,68,82,65,507,5,UU,200,133,239,230,150
#866,Mr. Rime,Generation VIII,Ice, Psychic,80,85,75,110,100,70,520,11,UU,155,180,255,160,210
#867,Runerigus,Generation VIII,Ground, Ghost,58,95,145,50,105,30,483,10,RU,125,80,308,240,155
#868,Milcery,Generation VIII,Fairy, Unknown,45,40,40,50,61,34,270,4,LC,74,84,146,80,111
#869,Alcremie,Generation VIII,Fairy, Unknown,65,60,75,110,121,64,495,4,RU,124,174,261,135,231
#870,Falinks,Generation VIII,Fighting, Unknown,65,100,100,70,60,75,470,5,RU,175,145,225,200,130
#871,Pincurchin,Generation VIII,Electric, Unknown,48,101,95,91,85,15,435,3,RU,116,106,228,196,176
#872,Snom,Generation VIII,Ice, Bug,30,25,35,45,30,20,185,11,LC,45,65,95,60,75
#873,Frosmoth,Generation VIII,Ice, Bug,70,65,60,125,90,65,475,11,RU,130,190,220,125,215
#874,Stonjourner,Generation VIII,Rock, Unknown,100,125,135,20,20,70,470,15,RU,195,90,255,260,40
#875,Eiscue,Generation VIII,Ice, Unknown,75,80,110,65,90,50,470,11,RU,130,115,275,190,155
#876,Indeedee,Generation VIII,Psychic, Normal,60,65,55,105,95,95,475,14,RU,160,200,210,120,200
#877,Morpeko,Generation VIII,Electric, Dark,58,95,58,70,58,97,436,3,RU,192,167,174,153,128
#878,Cufant,Generation VIII,Steel, Unknown,72,80,49,40,49,40,330,16,NU,120,80,170,129,89
#879,Copperajah,Generation VIII,Steel, Unknown,122,130,69,80,69,30,500,16,RU,160,110,260,199,149
#880,Dracozolt,Generation VIII,Electric, Dragon,90,100,90,80,70,75,505,3,UU,175,155,250,190,150
#881,Arctozolt,Generation VIII,Electric, Ice,90,100,90,90,80,55,505,3,UU,155,145,260,190,170
#882,Dracovish,Generation VIII,Water, Dragon,90,90,100,70,80,75,505,17,UU,165,145,270,190,150
#883,Arctovish,Generation VIII,Water, Ice,90,90,100,80,90,55,505,17,UU,145,135,280,190,170
#884,Duraludon,Generation VIII,Steel, Dragon,70,95,115,120,50,85,535,16,UU,180,205,235,210,170
#885,Dreepy,Generation VIII,Dragon, Ghost,28,60,30,40,30,82,270,2,LC,142,122,88,90,70
#886,Drakloak,Generation VIII,Dragon, Ghost,68,80,50,60,50,102,410,2,RU,182,162,168,130,110
#887,Dragapult,Generation VIII,Dragon, Ghost,88,120,75,100,75,142,600,2,UU,262,242,238,195,175
#888,Zacian,Generation VIII,Fairy, Unknown,92,130,115,80,115,138,670,4,OU,268,218,322,245,195
#889,Zamazenta,Generation VIII,Fighting, Unknown,92,130,115,80,115,138,670,5,OU,268,218,322,245,195
#888,Crowned Sword Zacian,Generation VIII,Fairy, Steel,92,170,115,80,115,148,720,4,Uber,318,228,322,285,195
#889,Crowned Shield Zamazenta,Generation VIII,Fighting, Steel,92,130,45,80,145,128,720,5,Uber,258,208,282,175,225
#890,Eternatus,Generation VIII,Poison, Dragon,140,85,95,145,95,130,690,13,OU,215,275,330,180,240
